

Population Size: 20
DC
64 2 25 78 75 71 78 74 47 0 0 0 0 0 0 0 0 0 0 0 0 0 0 0 0 0 1 13 16 0 0 0 0 0 0 0 0 0 0 0 0 0 0 0 0 0 0 0 0 0 0 0 0 0 0 0 0 0 0 0 0 0 0 0 0 0 0 0 0 0 0 0 0 0 0 0 0 0 0 0 0 0 0 0 0 0 0 0 0 0 0 0 0 0 0 0 0 0 19 64
CC
98 188 161 84 91 95 97 101 139 190 190 190 190 190 190 190 184 25 0 0 0 0 0 0 0 0 0 1 0 0 0 0 0 0 0 0 0 0 0 0 0 0 0 0 0 0 0 0 0 0 0 0 0 0 0 0 0 0 0 0 0 0 0 0 183 136 190 190 190 190 190 190 190 162 148 96 103 121 23 0 0 0 0 0 0 0 0 0 0 10 0 0 0 0 0 0 0 0 0 8
DD
28 0 4 28 24 24 15 15 4 0 0 0 0 0 0 0 6 165 190 190 190 190 190 190 190 190 189 176 174 190 190 190 190 190 190 190 190 190 190 190 190 190 190 190 190 190 190 190 190 190 190 190 190 190 190 190 190 190 190 190 190 190 190 190 7 54 0 0 0 0 0 0 0 28 42 94 87 69 167 190 190 190 190 190 190 190 190 190 190 180 190 190 190 190 190 190 190 190 171 118
Number of Cooperators
0 0 0 0 0 0 0 0 0 0 0 0 0 0 0 0 0 0 0 0 0 0 0 0 0 0 0 0 0 0 0 0 0 0 0 0 0 0 0 0 0 0 0 0 0 0 0 0 0 0 0 0 0 0 0 0 0 0 0 0 0 0 0 0 0 0 0 0 0 0 0 0 0 0 0 0 0 0 0 0 0 0 0 0 0 0 0 0 0 0 0 0 0 0 0 0 0 0 0 0
Number of Defectors
0 0 0 0 0 0 0 0 0 0 0 0 0 0 0 0 0 0 0 0 0 0 0 0 0 0 0 0 0 0 0 0 0 0 0 0 0 0 0 0 0 0 0 0 0 0 0 0 0 0 0 0 0 0 0 0 0 0 0 0 0 0 0 0 0 0 0 0 0 0 0 0 0 0 0 0 0 0 0 0 0 0 0 0 0 0 0 0 0 0 0 0 0 0 0 0 0 0 0 0
Number of Tit4Tat Players
0 0 0 0 0 0 0 0 0 0 0 0 0 0 0 0 0 0 0 0 0 0 0 0 0 0 0 0 0 0 0 0 0 0 0 0 0 0 0 0 0 0 0 0 0 0 0 0 0 0 0 0 0 0 0 0 0 0 0 0 0 0 0 0 0 0 0 0 0 0 0 0 0 0 0 0 0 0 0 0 0 0 0 0 0 0 0 0 0 0 0 0 0 0 0 0 0 0 0 0

Population Size: 100
DC
1123 233 503 0 2060 2031 1525 1149 2027 2205 1199 246 1691 1596 529 721 0 0 0 0 0 0 92 1580 1087 1771 2424 2211 2124 2346 2282 2438 2443 2438 2297 2392 2215 2099 1629 421 1159 1332 449 1365 424 1985 2423 1543 1903 1924 2223 659 0 676 0 220 0 217 1290 313 1866 1770 1593 757 306 1447 1054 532 0 0 0 0 0 13 83 0 0 0 50 354 529 2308 1276 519 2338 1048 678 2465 2453 1989 711 203 220 2 0 1 143 0 0 53
CC
2463 4706 4405 1824 730 1315 2271 3663 2485 2175 3630 4693 2911 3090 4383 4153 2672 70 0 3003 4950 4950 4854 3135 3650 2709 1524 606 539 687 571 1159 1435 1197 817 821 548 502 271 60 1532 3217 272 1400 45 502 1158 924 2681 2603 683 84 120 3864 665 2712 2391 1344 3448 4610 2764 2893 3148 4153 4622 3328 3825 4400 4950 4950 4950 4950 4950 4937 4866 4950 4950 4950 4900 4570 4280 1016 2379 214 980 3505 4190 1391 1665 2608 4215 4743 4728 4948 4950 4949 4801 4950 4950 4896
DD
1364 11 42 3126 2160 1604 1154 138 438 570 121 11 348 264 38 76 2278 4880 4950 1947 0 0 4 235 213 470 1002 2133 2287 1917 2097 1353 1072 1315 1836 1737 2187 2349 3050 4469 2259 401 4229 2185 4481 2463 1369 2483 366 423 2044 4207 4830 410 4285 2018 2559 3389 212 27 320 287 209 40 22 175 71 18 0 0 0 0 0 0 1 0 0 0 0 26 141 1626 1295 4217 1632 397 82 1094 832 353 24 4 2 0 0 0 6 0 0 1
Number of Cooperators
0 0 0 0 0 0 0 0 0 0 0 0 0 0 0 0 0 0 0 0 0 0 0 0 0 0 0 0 0 0 0 0 0 0 0 0 0 0 0 0 0 0 0 0 0 0 0 0 0 0 0 0 0 0 0 0 0 0 0 0 0 0 0 0 0 0 0 0 0 0 0 0 0 0 0 0 0 0 0 0 0 0 0 0 0 0 0 0 0 0 0 0 0 0 0 0 0 0 0 0
Number of Defectors
0 0 0 0 0 0 0 0 0 0 0 0 0 0 0 0 0 0 0 0 0 0 0 0 0 0 0 0 0 0 0 0 0 0 0 0 0 0 0 0 0 0 0 0 0 0 0 0 0 0 0 0 0 0 0 0 0 0 0 0 0 0 0 0 0 0 0 0 0 0 0 0 0 0 0 0 0 0 0 0 0 0 0 0 0 0 0 0 0 0 0 0 0 0 0 0 0 0 0 0
Number of Tit4Tat Players
0 0 0 0 0 0 0 0 0 0 0 0 100 100 100 100 100 100 100 100 100 100 0 0 0 0 0 0 0 0 0 0 0 0 0 0 0 0 0 0 0 0 0 0 0 0 0 0 0 0 0 0 0 0 0 0 0 0 0 0 0 0 0 0 0 0 0 0 0 0 0 0 0 0 0 0 0 0 0 0 0 0 0 0 0 0 0 0 0 0 0 0 0 0 0 0 0 0 0 0