
--------------------------

Population_Size:20
Population Size:100 Total Generations:10 Mutation SD:2.5 Survival Rate:5.0% Game Iterations:10

--------------------------

Generation #1
       D     C     D     C     D     C     D     C     D     C     D     C     D     C     D     C     D     C     D     C     D     C     D     C     D     C     D     C     D     C     D     C     D     C     D     C     D     C     D     C
CC  29.1  35.2  33.1  38.9  43.4  39.7  29.5  45.1  14.3  17.5  31.8  14.9  13.3  34.8  31.1  32.6  30.7  38.4  18.2  23.8  26.6  27.1  28.5  29.9  26.0  27.3  27.0  23.0  34.5  30.0  34.0  32.4  23.4  16.0  39.0  38.9  26.7  29.5  32.4  38.2
CD  29.4  35.8  33.0  38.7  36.9  39.2  41.9  44.9  16.9  17.8  21.6  27.4  36.5  24.7  20.8  31.9  32.4  39.0  27.7  23.5  26.5  19.7  30.5  27.8  30.2  28.9  27.6  16.4  35.3  29.3  26.4  35.6  24.4  23.7  32.0  33.8  25.9  28.0  35.1  32.2
DC  35.6  24.9  32.3  24.5  43.7  28.8  42.7  44.2  14.8  17.4  29.2  29.5  35.7  36.0  27.7  19.7  38.2  31.9  22.7  25.1  17.3  26.5  25.7  31.1  31.3  25.7  24.2  27.7  35.5  35.8  31.4  36.8  14.9  24.1  37.6  29.0  19.2  29.1  35.1  31.4
DD  35.6  34.4  17.5  36.2  43.7  41.6  42.1  38.1   7.2  16.4  31.8  25.7  35.4  32.5  28.4  31.5  36.0  25.1  29.0  28.3  27.2  23.3  23.0  30.7  31.2  28.7  21.8  27.2  26.8  33.8  34.8  26.3  13.0  23.5  29.8  36.1  14.4  27.6  21.4  35.8
_   11.4  32.0  24.3  41.2  32.7  24.5  42.5  37.2  10.1  16.5  16.4  25.5  38.2  34.9  32.5  33.0  12.4  31.6  28.4  18.3  12.6  28.8  32.4  14.1  28.7  15.2  29.3  23.7  14.4  30.1  28.4  39.3   8.5  25.5  40.6  40.4  21.0  35.3  30.7  25.0
Generation #2
       D     C     D     C     D     C     D     C     D     C     D     C     D     C     D     C     D     C     D     C     D     C     D     C     D     C     D     C     D     C     D     C     D     C     D     C     D     C     D     C
CC  34.8  33.7  34.5  37.9  32.9  33.6  38.3  38.2  35.0  30.6  34.3  33.6  36.9  37.3  31.2  32.2  33.3  31.8  32.9  33.1  34.6  35.7  33.3  30.1  31.9  35.3  34.7  35.4  36.0  38.5  37.9  36.0  34.4  36.9  35.0  37.3  31.8  36.0  35.2  32.2
CD  34.6  33.2  35.6  38.1  34.4  30.2  37.0  34.2  35.8  35.0  33.5  33.5  37.1  33.0  32.6  32.5  35.0  35.4  32.8  32.0  33.7  35.3  32.8  31.5  32.0  34.4  35.1  35.4  37.3  34.9  35.1  38.9  36.9  35.7  35.4  37.2  37.0  34.8  33.3  35.2
DC  34.8  34.8  37.3  35.1  34.3  32.9  37.9  36.6  36.3  34.3  35.0  31.9  37.5  35.5  32.8  32.7  33.3  34.0  32.0  33.0  35.4  35.8  32.7  32.9  33.3  33.7  32.6  34.9  37.0  36.9  37.1  38.3  37.2  37.2  34.3  37.5  37.1  33.9  35.1  34.3
DD  31.4  34.6  36.6  29.6  34.3  32.7  37.7  32.3  36.1  33.9  29.6  33.3  37.0  35.1  31.5  32.4  33.1  31.4  28.8  32.8  30.7  33.9  32.5  30.8  30.3  34.0  35.0  32.2  36.9  34.2  33.7  37.6  36.7  35.6  30.2  36.3  36.8  35.8  34.9  32.4
_   27.9  32.9  19.3  36.8  21.9  32.3  26.9  36.8  20.6  32.7  22.7  31.5  25.1  37.3  18.1  32.0  25.4  32.9  22.2  32.1  21.9  34.3  19.2  33.6  23.1  35.0  23.5  34.7  21.7  37.7  14.6  36.9  17.7  35.6  18.3  36.8  23.3  34.2  22.2  34.4
Generation #3
       D     C     D     C     D     C     D     C     D     C     D     C     D     C     D     C     D     C     D     C     D     C     D     C     D     C     D     C     D     C     D     C     D     C     D     C     D     C     D     C
CC  32.7  31.6  37.4  37.4  33.5  31.7  35.2  37.0  34.0  33.0  34.5  34.6  33.6  33.5  35.4  36.0  35.3  31.3  35.3  37.4  34.7  35.3  34.7  34.9  38.0  35.5  34.5  34.9  36.0  34.1  37.1  36.2  36.1  33.6  34.0  32.6  39.2  37.6  36.5  31.9
CD  32.6  32.1  37.4  36.5  33.8  31.7  37.5  34.9  33.9  30.9  34.7  32.1  32.4  33.8  35.9  35.4  35.5  34.7  34.2  37.4  34.6  33.5  34.0  34.8  37.8  34.9  34.7  34.7  35.9  35.7  34.7  36.9  34.9  35.2  29.9  32.3  33.9  38.9  36.0  34.7
DC  32.7  32.5  37.4  37.1  33.8  33.8  37.8  35.4  32.5  33.7  35.1  34.8  32.2  34.0  36.1  36.3  35.4  35.4  35.7  37.9  34.7  33.4  32.4  34.5  38.4  39.0  34.6  33.5  34.3  36.1  34.9  37.3  36.1  32.4  34.5  32.2  39.6  39.5  36.0  35.8
DD  32.6  32.2  37.2  35.6  32.9  33.5  35.7  37.0  34.2  33.4  34.3  31.8  32.7  33.4  34.0  35.7  35.2  35.0  35.7  35.5  33.8  34.7  33.8  32.9  34.7  37.7  34.6  34.0  35.5  35.9  37.1  36.5  36.2  33.0  34.3  32.4  37.3  39.2  36.0  35.4
_   23.0  32.9  29.7  37.5  18.3  34.4  30.2  37.8  26.4  34.8  33.0  35.9  31.2  34.7  31.0  36.2  27.6  34.5  28.8  37.4  26.4  35.5  20.9  34.5  28.6  38.0  27.5  34.8  27.1  36.3  28.8  35.7  31.4  34.6  30.9  34.2  23.0  39.5  29.9  35.5
Generation #4
       D     C     D     C     D     C     D     C     D     C     D     C     D     C     D     C     D     C     D     C     D     C     D     C     D     C     D     C     D     C     D     C     D     C     D     C     D     C     D     C
CC  35.6  33.0  32.4  31.8  36.3  35.8  33.9  35.5  34.5  33.8  35.8  30.8  33.9  31.5  33.5  32.5  37.5  33.9  35.2  35.7  35.2  33.9  30.9  33.4  35.2  35.1  32.0  32.9  36.2  31.0  30.5  34.5  36.2  32.8  34.7  33.6  34.7  33.2  35.2  36.1
CD  35.8  35.1  32.5  32.2  36.0  35.4  35.7  32.6  31.8  34.2  36.3  34.0  34.9  28.4  33.3  33.1  37.0  35.1  35.9  33.3  35.5  34.6  34.3  33.8  34.9  34.8  33.2  32.8  34.8  36.3  34.8  33.9  32.9  36.1  34.5  32.7  34.4  33.9  35.2  36.1
DC  35.7  35.6  32.4  32.3  35.1  36.0  35.6  33.9  34.0  34.1  36.6  36.0  35.1  33.8  30.4  33.3  37.2  37.2  36.0  35.3  35.4  35.5  34.2  33.3  32.2  35.0  33.3  32.7  36.1  36.0  34.6  34.7  34.3  36.6  33.6  35.0  33.2  34.5  34.5  36.4
DD  35.7  35.6  32.4  32.2  36.3  34.9  35.5  35.3  34.5  33.1  36.6  35.6  35.1  33.9  32.5  33.4  37.3  34.7  33.9  35.5  35.1  35.1  34.2  33.6  35.0  34.5  32.1  32.9  34.5  36.1  34.9  32.6  34.4  35.7  35.5  35.3  35.1  35.0  31.6  35.4
_   32.6  35.7  24.8  32.4  24.0  36.2  33.6  34.9  28.7  34.6  31.7  35.7  35.1  34.4  25.6  33.2  28.8  36.9  33.3  34.9  33.1  35.4  35.1  35.1  27.1  34.7  30.6  34.3  29.3  36.6  29.5  34.8  31.9  34.7  27.0  34.9  29.8  34.1  30.5  36.4
Generation #5
       D     C     D     C     D     C     D     C     D     C     D     C     D     C     D     C     D     C     D     C     D     C     D     C     D     C     D     C     D     C     D     C     D     C     D     C     D     C     D     C
CC  34.5  33.2  35.3  34.0  35.5  33.7  38.4  38.4  35.6  35.5  35.6  31.9  36.9  36.0  37.2  31.6  37.4  34.5  35.6  35.6  34.9  33.2  34.6  30.7  30.3  34.2  34.3  33.0  37.7  33.9  36.6  35.5  34.1  31.7  36.5  34.3  37.9  31.6  36.0  38.2
CD  34.8  31.8  35.3  35.1  34.9  32.5  38.1  38.0  35.3  34.2  35.4  34.9  36.8  37.6  36.6  34.5  36.6  35.5  35.5  31.7  34.9  32.6  34.8  33.1  35.3  31.1  33.8  32.6  34.7  35.9  36.5  35.4  34.9  34.8  36.3  35.7  37.9  35.9  38.4  35.5
DC  34.9  34.3  35.3  35.3  35.1  34.4  37.9  32.1  35.2  34.3  35.3  35.7  36.3  36.1  36.9  36.2  37.0  35.6  35.1  35.2  35.1  33.7  34.3  34.6  35.3  35.2  34.1  33.2  37.8  35.0  35.3  36.8  34.6  34.6  36.9  36.0  38.7  36.0  38.3  36.6
DD  34.8  34.4  35.2  35.2  35.0  34.0  37.5  38.1  33.8  35.4  35.4  34.8  36.3  36.6  36.8  36.3  36.0  36.5  35.2  35.1  35.1  34.5  34.6  34.2  35.1  34.5  34.2  33.5  37.8  36.4  35.8  36.5  34.8  34.0  36.1  36.2  38.7  37.1  38.3  37.9
_   35.0  34.4  33.8  35.4  34.1  34.9  35.2  37.4  35.7  36.4  35.8  33.3  35.4  37.5  36.8  33.5  34.1  36.6  34.9  33.5  35.7  35.7  34.3  32.0  32.8  34.4  33.3  33.9  35.8  37.0  33.0  35.9  34.5  34.1  35.5  36.5  39.2  38.9  37.2  37.6
Generation #6
       D     C     D     C     D     C     D     C     D     C     D     C     D     C     D     C     D     C     D     C     D     C     D     C     D     C     D     C     D     C     D     C     D     C     D     C     D     C     D     C
CC  34.5  33.2  35.4  35.4  35.0  36.6  36.0  30.6  34.0  34.4  34.6  34.9  34.3  32.6  36.6  36.6  35.3  33.8  30.3  34.0  35.7  34.1  33.4  35.5  34.9  34.4  38.1  37.0  33.1  33.8  37.1  36.3  33.4  34.5  33.5  35.5  35.2  34.6  35.2  36.0
CD  34.6  32.9  35.0  33.8  36.0  35.5  36.7  34.8  34.4  34.4  34.4  34.1  32.1  33.3  36.5  35.9  35.6  34.0  36.5  33.4  35.4  34.2  35.7  33.5  34.8  33.1  37.4  34.3  34.1  33.8  35.8  32.2  34.0  32.7  36.9  33.7  34.6  34.5  37.5  33.1
DC  34.5  34.4  34.9  34.8  36.0  35.6  37.1  36.0  33.7  34.3  34.0  33.4  34.4  33.8  34.8  36.6  34.8  35.6  36.3  36.2  33.3  35.5  35.9  35.8  34.7  32.9  38.2  36.6  32.2  34.0  35.9  36.1  33.9  33.3  36.9  36.4  32.6  34.6  37.8  34.8
DD  34.4  34.4  34.8  34.8  35.9  35.9  37.1  35.0  33.7  34.3  34.1  33.8  34.3  33.7  35.4  36.5  34.5  35.3  36.3  34.9  34.1  35.4  31.2  35.6  33.3  34.7  38.1  36.5  34.0  32.1  36.0  35.3  33.8  34.1  36.9  35.5  34.7  34.8  37.8  36.2
_   34.7  34.4  34.9  33.8  36.2  35.2  37.3  32.9  34.7  33.2  34.5  33.4  35.0  34.2  34.6  35.8  34.9  33.1  36.8  36.5  36.6  35.1  35.1  35.9  33.2  35.1  34.8  36.8  33.3  34.0  35.7  34.5  34.2  32.2  37.2  37.2  35.0  34.2  37.5  34.2
Generation #7
       D     C     D     C     D     C     D     C     D     C     D     C     D     C     D     C     D     C     D     C     D     C     D     C     D     C     D     C     D     C     D     C     D     C     D     C     D     C     D     C
CC  36.1  36.0  36.2  36.4  36.0  36.2  34.7  35.5  36.7  36.6  38.9  37.2  38.2  38.3  35.9  37.4  36.0  36.3  36.2  36.0  38.6  35.8  37.9  37.3  38.6  38.4  38.7  36.8  36.7  35.7  39.3  38.7  32.7  35.5  38.9  34.9  37.9  33.9  35.5  37.7
CD  35.8  33.3  37.2  35.6  36.2  34.4  35.2  35.0  34.7  35.5  38.1  36.2  38.1  37.3  37.4  36.8  36.2  34.6  35.9  35.7  39.6  35.5  38.3  34.5  38.2  35.9  38.5  35.3  36.6  29.6  39.1  35.4  37.3  36.7  39.0  37.2  38.7  35.6  37.7  35.5
DC  35.7  35.7  37.1  36.1  33.7  36.1  35.0  33.6  36.1  35.7  38.3  36.9  35.7  38.2  35.0  37.6  36.1  36.1  35.8  34.3  39.4  37.9  37.8  37.8  38.6  38.6  39.1  36.4  36.4  36.5  39.0  37.8  37.0  36.7  38.9  37.3  38.6  37.7  37.8  37.1
DD  35.6  35.7  37.1  36.7  36.2  36.2  34.1  35.2  36.0  35.9  38.4  37.3  37.8  38.2  37.3  37.4  36.1  36.1  35.9  35.8  39.5  38.7  37.8  37.3  35.9  38.2  39.1  36.8  36.6  36.0  38.7  39.1  37.0  36.7  38.9  38.4  38.7  38.0  34.5  37.5
_   35.7  35.0  37.4  35.5  34.0  35.9  35.3  31.4  36.4  33.1  34.0  37.4  37.5  36.3  36.8  34.9  36.6  35.4  35.6  34.2  39.1  35.8  38.3  35.2  36.1  38.3  39.1  35.4  35.2  36.7  38.9  32.2  38.6  37.8  39.0  36.6  34.5  37.8  38.1  37.8
Generation #8
       D     C     D     C     D     C     D     C     D     C     D     C     D     C     D     C     D     C     D     C     D     C     D     C     D     C     D     C     D     C     D     C     D     C     D     C     D     C     D     C
CC  38.4  35.8  38.6  36.4  36.9  34.2  38.5  36.6  38.1  34.7  42.4  36.2  39.3  35.8  39.4  35.6  38.8  36.4  39.6  34.1  38.9  37.0  40.5  39.5  37.5  33.1  39.8  37.6  40.0  37.6  36.7  38.9  39.7  36.4  33.7  38.8  39.0  35.8  38.3  34.9
CD  38.4  37.8  38.7  36.6  36.4  36.6  39.2  39.2  38.2  37.1  41.2  38.2  39.5  38.0  40.2  39.5  38.4  36.7  39.6  36.7  38.3  37.4  40.5  39.4  37.5  35.7  39.2  37.2  39.8  39.8  39.6  37.6  39.6  37.2  39.1  38.6  37.3  37.2  38.0  36.4
DC  38.3  37.9  38.7  38.3  37.0  36.7  37.1  38.8  38.3  37.8  41.3  40.5  39.4  38.9  40.2  37.6  38.3  37.9  39.6  38.2  38.4  37.1  40.6  40.1  37.2  37.7  39.1  38.6  38.5  40.1  39.5  38.3  40.3  38.0  39.0  39.2  38.4  36.7  38.3  38.3
DD  38.2  38.3  38.6  38.6  35.8  36.6  38.8  37.9  38.0  38.0  41.1  41.1  39.1  39.3  39.9  39.6  38.3  38.4  39.4  39.4  38.3  38.3  38.5  40.4  37.3  37.4  38.6  39.0  39.7  38.9  39.4  37.7  40.1  38.9  39.0  38.9  38.3  37.1  38.2  38.2
_   38.4  37.1  38.9  36.8  37.7  34.0  38.9  37.3  38.8  36.0  41.0  38.2  38.5  35.7  40.1  37.1  38.4  36.8  40.6  36.2  38.9  37.5  40.3  39.2  38.6  37.1  36.3  38.8  39.8  36.9  39.2  38.2  41.0  35.7  39.4  37.2  38.2  33.3  39.0  37.9
Generation #9
       D     C     D     C     D     C     D     C     D     C     D     C     D     C     D     C     D     C     D     C     D     C     D     C     D     C     D     C     D     C     D     C     D     C     D     C     D     C     D     C
CC  37.9  38.8  39.7  37.5  39.1  40.6  39.1  39.9  38.7  38.1  36.6  38.9  40.7  38.3  38.7  39.9  39.2  39.0  40.7  39.9  39.0  39.4  41.7  39.5  39.1  35.8  39.1  37.7  38.1  39.5  40.0  40.3  39.2  37.2  37.3  37.4  39.4  39.9  36.9  38.4
CD  38.9  38.4  39.6  38.4  40.7  36.3  41.6  36.1  37.9  37.9  39.0  37.2  40.8  39.3  39.9  37.9  38.3  38.2  40.9  38.6  39.5  38.6  41.2  41.7  39.9  38.0  40.6  38.1  39.9  38.8  38.5  35.0  39.6  39.5  37.4  37.4  39.3  38.6  37.8  38.4
DC  38.9  38.6  39.6  38.9  40.2  38.4  41.8  39.0  38.5  37.2  38.8  35.9  40.1  40.6  39.8  37.2  38.2  37.8  40.3  38.9  39.4  38.3  41.2  38.7  39.7  38.9  40.4  38.9  38.2  40.1  38.7  39.0  39.2  39.2  37.0  37.3  39.3  35.6  37.3  38.7
DD  38.7  38.6  39.6  39.4  40.2  40.4  41.7  40.9  38.2  38.2  38.1  38.9  40.8  40.4  39.9  39.9  38.3  38.1  40.3  40.3  39.2  39.4  40.3  41.5  39.8  39.6  40.5  38.7  39.6  39.7  38.8  38.5  39.6  38.6  36.8  37.3  38.9  39.6  37.9  38.5
_   38.8  38.5  39.9  37.2  40.2  39.1  41.4  37.7  38.3  38.8  39.5  36.1  40.4  35.8  40.2  39.3  38.9  37.7  40.3  39.6  39.6  38.6  41.4  39.2  40.6  39.5  39.6  36.5  40.0  36.4  38.8  36.4  38.9  36.5  38.5  36.5  39.9  37.5  39.2  39.3
Generation #10
       D     C     D     C     D     C     D     C     D     C     D     C     D     C     D     C     D     C     D     C     D     C     D     C     D     C     D     C     D     C     D     C     D     C     D     C     D     C     D     C
CC  39.9  39.8  39.4  38.7  38.8  39.5  42.1  40.7  39.8  39.9  41.9  40.1  40.7  40.7  41.3  41.3  41.1  39.5  41.1  40.3  35.6  39.3  42.3  39.7  41.3  40.0  42.4  39.4  40.9  40.2  40.2  38.8  41.8  40.1  39.2  39.8  40.2  38.9  40.1  36.4
CD  39.9  39.3  40.0  38.8  39.6  37.6  41.2  37.9  39.9  39.0  41.7  39.2  40.0  40.6  41.3  41.2  39.3  40.8  41.1  39.0  39.5  37.0  42.3  42.5  41.0  38.9  41.4  36.6  40.7  40.7  40.2  37.8  41.8  37.1  39.0  39.3  40.0  39.2  39.7  39.3
DC  39.9  39.5  39.8  39.4  38.5  39.5  41.2  39.5  40.1  40.1  41.4  40.5  37.8  40.5  40.8  40.0  40.3  41.1  40.9  40.0  39.4  38.0  40.6  42.2  40.5  41.1  42.2  39.0  40.4  40.7  39.9  40.1  41.9  40.0  38.0  39.8  40.3  40.9  40.0  37.3
DD  39.8  39.8  39.7  39.5  39.5  39.5  40.9  41.3  39.4  39.5  41.5  41.6  39.9  40.6  41.3  41.8  41.1  41.0  40.7  41.0  39.4  38.9  42.3  40.5  41.0  40.9  42.1  40.3  40.6  40.6  40.2  40.2  41.9  41.4  39.0  38.5  39.7  40.2  40.0  39.6
_   40.0  39.7  39.9  37.3  39.6  38.8  41.4  38.3  39.8  38.1  41.0  37.1  38.3  40.5  40.6  37.8  40.9  38.1  40.8  36.9  40.2  40.0  38.6  41.8  40.9  38.7  41.7  34.9  40.1  41.2  40.2  40.2  38.2  40.3  39.8  36.1  38.0  41.3  40.3  40.3
