

Population Size: 50
DC
66509 45059 20505 12724 7299 4129 2711 2353 932 566
CC
16757 28013 84763 100951 108733 112569 116787 116360 119167 120319
DD
39234 49428 17232 8825 6468 5802 3002 3787 2401 1615
Number of Cooperators
0 0 0 0 0 0 0 0 0 0
Number of Defectors
0 0 0 0 0 0 0 0 0 0
Number of Tit4Tat Players
30 0 0 0 0 0 0 0 0 0

Population Size: 100
DC
315461 301468 124105 41969 68278 4947 15077 164 50 16 5 1 1 2 0 0 0 0 0 0 0 0 0 0 0 0 0 0 0 0 0 0 0 0 0 0 0 0 0 0 0 0 0 0 0 0 0 0 0 0 0 0 0 0 0 0 0 0 0 0 0 0 0 0 0 0 0 0 0 0 0 0 0 0 0 0 0 0 0 0 0 0 0 0 0 0 0 0 0 0 0 0 0 0 0 0 0 0 0 0
CC
51606 59032 273400 413210 374392 486662 478781 494407 247021 494984 494727 494999 494999 494998 495000 495000 495000 495000 495000 495000 495000 495000 495000 495000 495000 495000 495000 495000 495000 495000 495000 495000 495000 495000 495000 495000 495000 495000 495000 495000 495000 495000 495000 495000 495000 495000 495000 495000 495000 495000 495000 495000 495000 495000 495000 495000 495000 495000 495000 495000 495000 495000 495000 495000 495000 495000 495000 495000 495000 495000 495000 495000 4950 495000 495000 495000 495000 495000 495000 4950 4950 493515 494802 495000 495000 494604 495000 495000 495000 495000 495000 495000 494505 4950 495000 495000 495000 495000 495000 495000
DD
127933 134500 97495 39821 52330 3391 1142 429 247929 0 268 0 0 0 0 0 0 0 0 0 0 0 0 0 0 0 0 0 0 0 0 0 0 0 0 0 0 0 0 0 0 0 0 0 0 0 0 0 0 0 0 0 0 0 0 0 0 0 0 0 0 0 0 0 0 0 0 0 0 0 0 0 490050 0 0 0 0 0 0 490050 490050 1485 198 0 0 396 0 0 0 0 0 0 495 490050 0 0 0 0 0 0
Number of Cooperators
0 0 0 0 0 0 0 0 100 100 100 100 100 100 0 0 0 0 0 0 0 0 0 0 0 0 0 0 0 0 0 0 0 0 0 0 0 0 0 0 0 0 0 0 0 0 0 0 0 0 0 0 0 0 0 0 0 0 0 0 0 0 0 0 0 0 0 0 0 0 0 0 0 0 0 0 0 0 0 0 0 0 0 0 0 0 0 0 0 0 0 0 0 0 0 0 0 0 0 0
Number of Defectors
0 0 29 88 0 0 0 0 0 0 0 0 0 0 0 0 0 0 0 0 0 0 0 0 0 0 0 0 0 0 0 0 0 0 0 0 0 0 0 0 0 0 0 0 0 0 0 0 0 0 0 0 0 0 0 0 0 0 0 0 0 0 0 0 0 0 0 0 0 0 0 0 0 0 0 0 0 0 0 0 0 0 0 0 0 0 0 0 0 0 0 0 0 0 0 0 0 0 0 0
Number of Tit4Tat Players
56 0 26 0 0 24 0 0 0 0 0 0 0 0 0 0 0 0 0 0 0 0 0 0 0 0 0 0 0 0 0 0 0 0 0 0 0 0 0 0 0 0 0 0 0 0 0 0 0 0 0 0 0 0 0 0 0 0 0 0 0 0 0 0 0 0 0 0 0 0 0 0 0 0 0 0 0 0 0 0 0 0 0 0 0 0 0 0 0 0 0 0 0 0 0 0 0 0 0 0



Population Size: 100
DC_Count: 24587 20958 18350 17469 17368 15583 15097 10841 10210 9938 9067 8873 7305 6578 6360 5641 4911 4488 4958 3624 4853 3204 3553 2654 4958 2211 5363 5554 1424 1347 1218 1976 1243 4551 813 716 1583 2933 586 996 458 1947 1944 327 309 267 1341 1194 1156 1046 900 669 622 133 111 100 87 448 420 385 272 280 46 43 29 40 29 34 29 29 31 20 17 13 90 18 68 69 42 26 54 8 7 4 0 33 13 4 7 4 8 2 5 1 2 0 1 3 2 1
CC_Count: 9640 6096 7026 5008 8105 10601 16406 24759 27817 29937 31307 32826 35224 37456 36774 39117 36957 40183 40206 39253 41644 42920 40898 44426 41518 44595 32372 32626 45483 45859 27310 33642 46050 30661 47696 48625 47295 32062 42030 47345 43258 47479 23840 43083 44105 32433 18814 11754 20730 42036 42249 41983 43348 44299 44355 48509 48889 48965 49075 49114 49228 49220 49412 49421 49445 49405 48903 42371 48480 42801 43755 44513 44462 49335 23674 34375 48566 24718 49275 24033 15531 24389 24213 49492 49500 49467 49487 49493 49486 49493 49480 49367 49490 49495 48051 24750 24750 24748 24748 24750
DD_Count: 15273 22446 24124 27023 24027 23316 17997 13900 11473 9625 9126 7801 6971 5466 6366 4742 7632 4829 4336 6623 3003 3376 5049 2420 3024 2694 11765 11320 2593 2294 20972 13882 2207 14288 991 159 622 14505 6884 1159 5784 74 23716 6090 5086 16800 29345 36552 27614 6418 6351 6848 5530 5068 5034 891 524 87 5 1 0 0 42 36 26 55 568 7095 991 6670 5714 4967 5021 152 25736 15107 866 24713 183 25441 33915 25103 25280 4 0 0 0 3 7 3 12 131 5 4 1447 24750 24749 24749 24750 24749
Number_of_Cooperators: 0 0 0 0 0 0 0 0 0 0 0 100 100 100 100 100 100 100 100 0 100 100 100 100 100 100 100 100 0 0 0 0 100 0 100 0 0 0 0 0 0 0 0 0 0 0 0 0 0 0 0 0 0 0 0 0 0 0 0 0 0 0 0 0 0 0 0 0 0 0 0 0 0 0 0 0 0 0 0 0 0 0 0 0 0 0 0 0 0 0 0 0 0 0 0 0 0 0 0 0
Number_of_Defectors: 25 41 38 43 41 23 13 0 0 0 0 0 0 0 0 0 0 0 0 0 0 0 0 0 0 0 0 0 0 0 0 0 0 0 0 0 0 0 0 0 0 0 0 0 0 0 0 0 0 0 0 0 0 0 0 0 0 0 0 0 0 0 0 0 0 0 0 0 0 0 0 0 0 0 0 0 0 0 0 0 0 0 0 0 0 0 0 0 0 0 0 0 0 0 0 0 0 0 0 0
Number_of_Tit4Tat_Players: 1 0 0 0 0 0 0 0 0 0 0 0 0 0 0 0 0 0 0 0 0 0 0 0 0 0 0 0 0 0 0 0 0 0 0 0 0 0 0 0 0 0 0 0 0 0 0 0 0 0 0 0 0 0 0 0 0 100 0 0 0 0 0 0 0 0 0 0 0 0 0 0 0 0 0 0 0 0 0 0 0 0 0 0 0 0 0 0 0 0 0 0 0 0 0 0 0 0 0 0