

--------------------------

Population_Size:25
Population Size:100 Total Generations:100 Mutation SD:2.5 Survival Rate:5.0% Game Iterations:10

--------------------------

DC_Count 1492 1125 1404 1489 1417 1425 1395 1399 1383 1476 1440 1471 1519 1470 1310 1437 1469 1474 1418 1249 1508 1419 1385 1456 1467 1358 1320 1385 1375 1339 1180 1204 1288 1380 1394 1481 1336 1386 1200 1191 1296 1100 1199 1171 1342 1121 1426 1372 1244 1169 1195 1194 1172 1443 1325 930 1161 906 1155 1092 1203 1196 1178 1224 1301 1192 1353 1072 1063 1062 1517 1425 1568 1330 1113 1077 1107 1082 1264 1252 988 1138 1114 1190 1080 1383 1523 1451 922 1141 1023 1090 1395 1414 1163 1247 886 988 1150 1031
CC_Count 570 183 403 485 387 445 463 396 428 648 437 435 588 573 375 426 497 479 590 251 440 521 397 497 581 392 361 405 626 343 288 264 410 360 399 332 453 501 373 535 395 786 472 451 264 176 399 391 269 477 276 432 159 506 355 220 652 333 762 647 406 821 717 448 198 247 378 544 751 648 792 774 362 330 135 623 451 385 223 231 91 313 157 225 223 426 572 356 60 116 132 144 298 480 621 178 29 57 171 67
DD_Count 938 1692 1193 1026 1196 1130 1142 1205 1189 876 1123 1094 893 957 1315 1137 1034 1047 992 1500 1052 1060 1218 1047 952 1250 1319 1210 999 1318 1532 1532 1302 1260 1207 1187 1211 1113 1427 1274 1309 1114 1329 1378 1394 1703 1175 1237 1487 1354 1529 1374 1669 1051 1320 1850 1187 1761 1083 1261 1391 983 1105 1328 1501 1561 1269 1384 1186 1290 691 801 1070 1340 1752 1300 1442 1533 1513 1517 1921 1549 1729 1585 1697 1191 905 1193 2018 1743 1845 1766 1307 1106 1216 1575 2085 1955 1679 1902
Number_of_Cooperators 0 0 0 0 0 0 0 0 1 0 0 0 0 0 0 0 0 0 0 0 1 0 0 0 0 1 0 0 1 0 0 0 0 0 0 0 0 0 0 0 0 0 0 0 0 0 0 0 0 0 0 0 0 1 0 0 0 0 1 0 0 0 0 0 0 0 0 1 0 0 0 0 0 0 0 0 0 0 0 0 0 0 0 0 0 0 0 0 0 0 0 0 1 0 0 0 0 0 0 0
Number_of_Defectors 7 21 9 3 8 6 3 6 5 3 4 3 4 3 5 4 2 1 3 6 6 6 4 3 2 6 5 0 1 2 6 7 5 3 5 1 0 3 2 3 2 0 3 2 7 7 1 3 6 1 3 3 6 3 4 4 3 1 0 0 1 2 1 5 7 3 4 3 1 1 0 0 5 5 6 0 2 1 5 8 8 4 9 9 7 2 1 1 11 5 10 2 3 1 1 3 8 5 5 12
Number_of_Tit4Tat_Players 0 0 0 0 0 0 0 0 1 0 0 0 0 0 1 2 0 0 1 0 2 1 0 1 0 0 0 0 0 0 0 0 0 0 0 0 0 0 0 1 2 0 0 0 0 0 0 0 0 0 0 0 0 0 0 0 1 0 1 0 1 1 0 0 1 0 3 2 3 2 5 2 1 0 0 0 0 1 0 0 1 0 0 1 0 0 0 1 0 0 0 0 2 0 1 0 0 0 0 0
Other_Strategies 18 4 16 22 17 19 22 19 18 22 21 22 21 22 19 19 23 24 21 19 16 18 21 21 23 18 20 25 23 23 19 18 20 22 20 24 25 22 23 21 21 25 22 23 18 18 24 22 19 24 22 22 19 21 21 21 21 24 23 25 23 22 24 20 17 22 18 19 21 22 20 23 19 20 19 25 23 23 20 17 16 21 16 15 18 23 24 23 14 20 15 23 19 24 23 22 17 20 20 13
Agent_Reward_Means 51.0 40.4 47.3 49.6 47.2 48.2 48.1 47.1 47.4 52.1 48.3 48.6 51.6 50.8 45.7 48.1 49.6 49.4 50.5 43.0 49.1 49.4 47.0 49.4 50.9 46.6 45.6 47.1 50.5 45.6 42.8 42.7 46.0 46.3 47.1 47.1 47.3 48.6 44.4 46.9 45.9 49.8 45.9 45.3 44.3 40.3 47.5 46.7 43.2 45.7 42.8 45.2 40.6 49.4 45.6 38.7 48.4 40.2 50.1 47.5 44.9 51.5 49.6 45.9 42.8 42.3 46.3 45.6 48.8 47.1 54.9 53.5 48.6 45.2 39.5 46.9 44.5 43.1 42.7 42.7 37.3 42.7 39.9 41.9 40.5 47.4 51.4 47.1 36.0 39.5 38.4 39.4 45.5 48.6 47.9 41.8 35.1 36.8 40.5 37.4
Agent_Reward_SDs 6.4 2.5 4.1 4.1 4.8 5.0 4.7 4.4 6.0 7.3 5.2 5.3 6.1 5.3 4.1 4.5 7.0 7.2 4.9 4.5 7.7 4.6 5.7 5.2 7.7 5.7 4.7 5.3 8.0 6.4 4.7 6.4 6.9 8.6 10.0 11.2 7.9 5.3 4.6 5.3 4.4 4.8 6.3 6.9 11.1 6.8 6.3 4.4 7.7 5.8 6.2 5.2 6.0 9.9 7.3 5.4 4.1 7.2 4.0 5.5 3.7 3.9 6.2 6.8 4.1 4.2 3.6 5.7 4.4 4.5 2.4 6.4 10.6 9.7 6.6 8.2 5.1 4.9 9.8 8.3 6.8 6.9 7.5 7.1 7.2 10.1 12.7 10.8 7.8 9.1 7.8 7.4 9.6 7.3 5.4 9.7 11.6 12.5 8.1 9.7


--------------------------

Population_Size:50
Population Size:100 Total Generations:100 Mutation SD:2.5 Survival Rate:5.0% Game Iterations:10

--------------------------

DC_Count 6141 5564 5869 5726 6012 5970 6141 6088 6333 6199 6068 6055 6304 6083 5848 6031 5853 6004 5873 5867 6086 6271 6216 6067 5955 5869 5633 5752 5972 6319 5566 6169 6042 5855 5839 5528 4933 4984 5246 5643 5188 5460 5520 4731 5041 5846 4772 4921 5726 4999 5526 5403 4550 4424 3759 4322 3771 4465 4938 3265 3695 3095 3413 3713 2414 2817 4157 3472 4585 4339 3611 2331 2551 1110 247 318 818 292 767 699 296 714 1238 1155 797 1762 725 1603 1157 2877 3166 2344 2615 2467 3030 1408 1122 2399 2021 2782
CC_Count 2961 1643 1939 2154 2136 1992 2286 2506 2407 2322 2207 2465 2905 2567 2228 2775 2266 2493 2212 2257 2690 1889 2338 1955 2497 2429 1510 1172 1892 2444 1689 2621 2964 1872 1653 1157 1072 1269 1245 1285 1490 1510 1255 1286 1268 1667 1411 1356 2198 1316 1264 2119 1657 1356 741 1269 1209 1075 1426 922 1138 510 484 192 79 284 1075 703 1045 959 3480 6857 5011 9193 11445 11471 10630 11653 10872 10570 10926 10969 10978 10739 11350 10426 11261 9653 5440 4818 5014 5106 4987 4972 5054 5433 5133 198 213 631
DD_Count 3148 5043 4442 4370 4102 4288 3823 3656 3510 3729 3975 3730 3041 3600 4174 3444 4131 3753 4165 4126 3474 4090 3696 4228 3798 3952 5107 5326 4386 3487 4995 3460 3244 4523 4758 5565 6245 5997 5759 5322 5572 5280 5475 6233 5941 4737 6067 5973 4326 5935 5460 4728 6043 6470 7750 6659 7270 6710 5886 8063 7417 8645 8353 8345 9757 9149 7018 8075 6620 6952 5159 3062 4688 1947 558 461 802 305 611 981 1028 567 34 356 103 62 264 994 5653 4555 4070 4800 4648 4811 4166 5409 5995 9653 10016 8837
Number_of_Cooperators 2 0 0 1 0 0 0 0 1 2 1 0 1 0 0 1 1 1 0 0 1 0 0 2 0 0 0 0 0 2 0 1 1 0 0 0 0 0 0 0 0 0 0 0 0 0 0 0 0 0 1 0 0 0 0 0 0 0 0 0 0 0 0 0 0 0 0 0 0 0 0 0 0 0 0 0 0 0 2 0 0 0 0 0 0 6 3 1 0 0 0 0 0 0 0 0 0 0 0 0
Number_of_Defectors 3 22 16 5 7 10 6 0 5 4 7 2 1 3 1 3 1 1 2 3 3 3 2 3 2 5 12 7 5 1 6 1 1 5 4 7 8 17 13 6 9 6 11 19 14 4 12 8 5 8 8 3 12 3 9 10 15 8 9 15 27 37 17 16 24 25 13 16 8 10 5 0 1 0 0 0 0 0 0 0 0 0 0 0 0 0 0 0 0 0 0 0 0 0 0 0 2 22 8 8
Number_of_Tit4Tat_Players 3 1 0 0 0 1 1 0 1 3 0 3 1 0 3 3 0 2 0 1 0 0 1 1 0 1 0 0 1 0 0 3 0 0 1 0 0 0 0 0 0 0 0 0 1 1 0 0 3 1 3 1 0 0 0 1 0 0 0 0 0 0 0 0 0 0 0 0 0 1 4 2 6 6 0 4 2 18 20 12 7 21 10 32 31 10 1 0 0 0 0 0 0 0 0 0 0 0 0 0
Other_Strategies 42 27 34 44 43 39 43 50 43 41 42 45 47 47 46 43 48 46 48 46 46 47 47 44 48 44 38 43 44 47 44 45 48 45 45 43 42 33 37 44 41 44 39 31 35 45 38 42 42 41 38 46 38 47 41 39 35 42 41 35 23 13 33 34 26 25 37 34 42 39 41 48 43 44 50 46 48 32 28 38 43 29 40 18 19 34 46 49 50 50 50 50 50 50 50 50 48 28 42 42
Agent_Reward_Means 109.5 95.5 99.7 100.6 102.2 100.8 104.1 105.6 106.3 104.8 103.1 105.0 110.1 106.0 101.9 107.4 102.2 105.0 101.9 102.3 107.0 101.7 105.0 101.0 104.7 103.6 94.9 92.9 100.0 106.5 95.9 107.0 109.0 99.1 97.3 91.4 87.2 89.1 90.4 93.1 92.0 93.8 92.2 87.7 89.4 97.4 88.9 89.4 100.9 89.5 92.3 98.4 89.6 86.4 77.5 85.1 81.3 84.4 90.0 76.0 80.3 71.7 73.3 72.8 64.1 68.2 82.5 75.5 84.9 82.7 98.5 117.8 104.4 129.2 142.0 142.7 138.9 144.0 140.6 137.8 138.2 141.0 144.3 141.8 144.6 143.0 143.4 135.8 99.5 104.8 108.1 103.9 104.6 103.6 107.6 100.9 96.8 65.0 62.8 70.7
Agent_Reward_SDs 10.0 7.9 9.3 8.7 11.7 13.7 14.2 12.0 14.5 11.8 12.1 10.2 13.1 10.9 11.6 10.2 10.2 11.0 11.4 9.7 12.9 18.7 18.0 15.1 12.8 11.6 12.4 10.4 16.0 13.2 12.0 14.2 16.3 16.4 14.4 16.8 14.6 13.2 8.9 10.4 13.3 18.0 20.6 14.8 17.0 18.5 14.2 14.7 12.7 10.3 8.7 12.4 11.9 10.3 13.7 11.0 13.5 6.6 7.9 12.8 13.7 12.4 11.1 18.9 10.1 12.9 19.0 14.4 15.6 9.8 10.8 7.3 13.3 14.1 2.4 2.6 5.9 2.3 3.1 13.3 11.5 7.1 2.0 5.3 2.4 3.3 1.7 8.3 7.7 14.6 14.3 9.5 16.1 13.7 14.2 10.7 13.2 12.8 8.2 8.1


--------------------------

Population_Size:75
Population Size:100 Total Generations:100 Mutation SD:2.5 Survival Rate:5.0% Game Iterations:10

--------------------------

DC_Count 13783 13142 13543 13548 13595 13551 13805 13630 13367 13476 13378 13265 13405 13992 13067 13109 13363 13171 13433 12596 12321 12231 12849 12155 12931 12100 13094 12387 12159 11755 11998 10387 10772 12100 9647 11181 11257 10703 12618 10568 11457 9692 9252 9591 9927 9051 9065 9805 9410 8515 9519 9139 10032 9140 8447 7545 6942 7310 6378 5529 4529 6754 5564 5911 7430 5938 6318 5903 5624 3267 3189 3343 4252 4877 1305 3466 4520 5374 3100 754 125 116 77 100 64 33 19 17 13 54 27 39 27 21 31 32 22 28 48 35
CC_Count 6065 3758 4930 4917 4239 5142 4558 4648 4057 5312 4813 4571 5385 4592 3820 5454 5315 4415 4561 3944 2813 3369 3314 3497 4584 3397 3527 3744 3095 2004 2779 1991 1936 1737 1327 2155 2233 1679 3216 1451 2727 2627 2789 2097 2009 1643 2158 3229 2139 1770 2128 1893 1557 1145 867 781 564 1236 546 239 277 1360 544 599 3125 753 1211 636 474 105 123 147 356 549 105 216 387 573 12821 25273 27397 27537 27640 27592 27609 27653 27656 27655 27690 27572 27661 27643 27705 27715 27682 27678 27690 27682 27680 27693
DD_Count 7902 10850 9277 9285 9916 9057 9387 9472 10326 8962 9559 9914 8960 9166 10863 9187 9072 10164 9756 11210 12616 12150 11587 12098 10235 12253 11129 11619 12496 13991 12973 15372 15042 13913 16776 14414 14260 15368 11916 15731 13566 15431 15709 16062 15814 17056 16527 14716 16201 17465 16103 16718 16161 17465 18436 19424 20244 19204 20826 21982 22944 19636 21642 21240 17195 21059 20221 21211 21652 24378 24438 24260 23142 22324 26340 24068 22843 21803 11829 1723 228 97 33 58 77 64 75 78 47 124 62 68 18 14 37 40 38 40 22 22
Number_of_Cooperators 5 0 0 0 0 0 1 1 0 1 0 0 0 0 0 1 1 0 0 2 0 1 0 0 0 0 0 1 1 0 0 0 0 0 0 0 0 0 0 0 0 0 0 0 0 0 0 0 0 0 0 0 0 0 0 0 0 0 0 0 0 0 0 0 0 0 0 0 0 0 0 0 0 0 0 0 0 0 0 0 0 1 0 0 0 0 0 0 0 0 0 0 0 0 0 0 1 1 0 0
Number_of_Defectors 10 32 12 14 24 10 22 1 30 16 17 9 10 14 9 5 3 7 10 14 26 16 8 17 9 21 19 11 10 21 11 13 29 16 25 7 16 16 10 14 14 21 29 34 28 33 20 8 24 32 23 16 20 24 29 32 26 32 34 29 32 35 36 25 13 39 30 38 48 39 46 44 43 46 50 51 44 40 5 0 0 0 0 0 0 0 0 0 0 0 0 0 0 0 0 0 0 0 0 0
Number_of_Tit4Tat_Players 0 0 1 1 2 1 2 0 1 1 2 0 0 1 0 1 2 0 0 1 0 1 0 2 1 0 3 4 2 0 1 0 0 0 0 0 0 0 0 0 0 0 0 0 0 0 0 0 0 0 0 0 0 0 0 0 0 0 0 0 0 0 0 0 0 0 0 0 0 0 0 0 1 0 0 1 0 0 1 2 1 1 0 11 5 6 13 13 13 14 18 43 43 48 40 22 23 44 48 19
Other_Strategies 60 43 62 60 49 64 50 73 44 57 56 66 65 60 66 68 69 68 65 58 49 57 67 56 65 54 53 59 62 54 63 62 46 59 50 68 59 59 65 61 61 54 46 41 47 42 55 67 51 43 52 59 55 51 46 43 49 43 41 46 43 40 39 50 62 36 45 37 27 36 29 31 31 29 25 23 31 35 69 73 74 73 75 64 70 69 62 62 62 61 57 32 32 27 35 53 51 30 27 56
Agent_Reward_Means 161.5 146.6 154.5 154.4 151.0 155.6 153.5 153.3 149.1 156.2 153.2 151.4 156.3 154.5 146.6 155.5 155.8 150.2 152.1 145.4 138.3 140.9 143.1 141.3 150.2 140.5 145.2 143.5 139.1 131.7 136.8 126.2 127.4 131.7 119.7 130.2 130.9 125.8 141.6 124.0 134.4 126.8 125.9 123.5 124.4 119.0 121.8 130.4 123.0 117.5 123.4 120.7 122.4 116.7 112.4 108.3 104.8 109.8 102.4 97.4 93.6 108.3 99.2 100.8 120.4 101.8 105.7 101.0 99.0 87.6 87.4 88.2 92.9 96.4 79.8 89.0 94.1 98.6 154.8 211.8 220.6 221.3 221.7 221.6 221.5 221.6 221.6 221.6 221.7 221.3 221.6 221.6 221.9 221.9 221.8 221.7 221.8 221.7 221.8 221.8
Agent_Reward_SDs 18.0 15.5 15.0 20.3 22.0 17.5 27.0 17.0 22.1 25.8 21.2 22.0 20.8 26.6 16.0 19.5 19.7 19.6 21.8 15.8 14.6 16.6 24.9 23.2 19.9 26.9 26.2 18.9 22.4 24.6 22.1 24.5 22.3 36.7 22.7 20.1 23.7 23.8 28.9 26.1 32.1 24.0 21.9 19.5 20.2 25.8 20.3 21.6 25.2 21.8 19.2 22.9 19.6 24.5 23.1 19.9 17.6 16.6 17.2 16.5 17.5 17.9 13.7 9.1 19.7 14.5 14.3 12.9 15.0 10.9 10.2 9.9 13.1 16.7 5.2 11.0 15.3 12.3 30.2 16.6 2.1 1.6 0.9 0.8 0.8 0.7 0.7 0.8 0.6 1.1 0.7 0.8 0.3 0.3 0.5 0.6 0.7 0.6 0.6 0.7


--------------------------

Population_Size:100
Population Size:100 Total Generations:100 Mutation SD:2.5 Survival Rate:5.0% Game Iterations:10

--------------------------

DC_Count 24567 23831 24492 24294 24254 24172 24273 24353 25242 23275 23779 24148 24245 23652 23377 23150 22282 23309 23098 21130 21375 22240 21035 18975 20820 22153 21512 22849 20067 21547 19660 19899 19493 17161 17471 17584 16987 16603 16801 15888 17754 15344 17124 13014 17852 16299 20143 13137 18611 18318 13405 12697 13823 12013 13604 15347 9100 6905 4519 12706 8663 13254 6410 8596 14869 6928 9070 8557 9392 6398 2899 2070 1745 3515 34 4049 2457 33 2181 1134 1309 7 2048 1429 5461 3834 9319 16 1465 900 3734 3 3889 6616 1587 1137 8 1 1104 0
CC_Count 9791 8284 8497 8773 8461 8178 8409 7624 7627 7757 8132 8712 8179 7324 6963 8323 9240 7499 5432 6578 5110 6295 5107 9868 8110 6379 6010 6886 3665 4689 4901 7623 6479 3662 4785 4452 6431 6583 5497 3464 4516 3239 3105 1556 3885 2736 4264 2457 2090 1764 1064 1233 928 1324 776 935 172 332 55 1459 344 775 144 379 1119 110 679 593 1068 262 40 40 28 52 1 139 28 0 17 0 18 0 16 2 339 407 995 0 24 7 79 0 91 239 9 14 0 0 12 0
DD_Count 15142 17385 16511 16433 16785 17150 16818 17523 16631 18468 17589 16640 17076 18524 19160 18027 17978 18692 20970 21792 23015 20965 23358 20657 20570 20968 21978 19765 25768 23264 24939 21978 23528 28677 27244 27464 26082 26314 27202 30148 27230 30917 29271 34930 27763 30465 25093 33906 28799 29418 35031 35570 34749 36163 35120 33218 40228 42263 44926 35335 40493 35471 42946 40525 33512 42462 39751 40350 39040 42840 46561 47390 47727 45933 49465 45312 47015 49467 47302 48366 48173 49493 47436 48069 43700 45259 39186 49484 48011 48593 45687 49497 45520 42645 47904 48349 49492 49499 48384 49500
Number_of_Cooperators 1 2 0 0 0 2 0 0 1 1 1 0 2 0 1 1 0 1 0 0 0 1 1 1 0 1 0 1 0 0 0 1 0 0 0 0 0 0 0 0 0 0 0 0 1 0 0 0 0 0 0 0 0 0 0 0 0 0 0 0 0 0 0 0 0 0 0 0 0 0 0 0 0 0 0 0 0 0 0 0 0 0 0 0 0 0 0 0 0 0 0 0 0 0 0 0 0 0 0 0
Number_of_Defectors 29 11 30 17 34 12 20 34 34 12 11 17 11 7 11 7 8 14 34 16 16 26 9 6 9 16 14 6 20 18 19 11 12 19 20 13 12 12 18 12 9 6 11 8 7 11 12 7 10 12 30 23 20 16 17 18 18 33 27 30 49 25 22 20 21 17 26 35 64 56 69 59 80 74 68 56 81 67 45 53 48 51 39 71 47 47 46 67 51 60 51 68 65 63 83 74 78 88 76 84
Number_of_Tit4Tat_Players 1 2 0 0 0 1 0 0 1 1 1 4 0 2 2 3 3 3 0 0 0 0 1 1 4 1 2 3 1 0 1 0 0 0 0 0 0 1 0 0 1 0 0 0 1 0 1 3 1 0 0 1 0 1 0 0 0 0 0 0 0 0 0 0 0 0 0 0 0 0 0 0 0 0 0 0 0 0 0 0 0 0 0 0 0 0 0 0 0 0 0 0 0 0 0 0 0 0 0 0
Other_Strategies 69 85 70 83 66 85 80 66 64 86 87 79 87 91 86 89 89 82 66 84 84 73 89 92 87 82 84 90 79 82 80 88 88 81 80 87 88 87 82 88 90 94 89 92 91 89 87 90 89 88 70 76 80 83 83 82 82 67 73 70 51 75 78 80 79 83 74 65 36 44 31 41 20 26 32 44 19 33 55 47 52 49 61 29 53 53 54 33 49 40 49 32 35 37 17 26 22 12 24 16
Agent_Reward_Means 211.9 203.6 206.5 207.0 205.6 204.2 205.5 202.6 205.2 199.9 202.9 206.3 204.5 199.3 197.0 201.7 202.8 198.9 190.0 188.7 183.6 190.9 182.5 195.4 193.9 191.0 187.6 195.1 173.9 182.4 177.6 189.2 183.4 165.1 170.6 169.6 175.7 175.1 171.4 160.5 170.3 158.0 162.8 144.3 168.1 158.8 176.5 148.2 163.2 161.0 143.5 142.0 144.2 140.3 142.9 148.8 127.0 121.0 112.8 143.0 126.4 141.9 118.8 126.3 148.1 120.2 128.9 127.0 131.4 119.2 107.9 105.4 104.3 109.8 99.1 111.7 106.5 99.1 105.6 102.4 103.0 99.0 105.2 103.3 116.7 112.1 130.9 99.0 103.5 101.7 110.5 99.0 111.0 119.8 103.8 102.5 99.0 99.0 102.4 99.0
Agent_Reward_SDs 27.1 17.7 27.8 24.9 29.3 26.9 27.2 31.3 39.3 23.5 23.1 32.7 35.2 25.5 30.2 25.3 21.3 30.0 41.3 24.4 22.0 25.7 28.5 19.1 27.3 30.1 29.1 36.1 26.9 34.6 26.0 28.8 22.6 24.4 27.7 20.3 21.6 24.2 27.5 29.5 31.5 29.0 34.1 23.4 35.9 30.5 39.0 27.7 40.9 44.3 31.7 27.8 35.1 23.3 32.5 42.3 24.4 19.8 14.0 32.7 25.0 35.4 19.5 25.8 44.4 29.9 23.7 18.4 23.3 18.2 11.8 5.0 10.0 13.9 0.6 16.5 14.1 0.5 11.6 8.3 7.7 0.1 10.7 10.5 12.6 12.7 25.8 0.3 8.7 9.0 15.8 0.1 10.4 23.6 9.9 7.5 0.2 0.0 7.5 0.0


--------------------------

Population_Size:100
Population Size:100 Total Generations:1000 Mutation SD:2.5 Survival Rate:5.0% Game Iterations:10

--------------------------

DC_Count 24903 24256 24020 24089 23673 23729 23305 24526 23609 23927 25251 23759 23552 23335 23734 22924 23230 23184 22156 23335 23554 21436 21157 23325 21447 21713 20070 18207 17888 12846 13339 15643 15221 13653 10938 11987 9298 8217 10023 7021 6227 9585 7096 4977 4900 4445 5400 10568 6476 6895 6676 4749 1045 2812 2130 5549 1801 536 2757 9618 14845 10775 7619 4873 1628 1264 965 1620 3687 2035 1376 23 303 570 26 13 518 12 712 9 805 677 180 584 443 769 990 85 229 103 373 2 5 2 2 1 3 3 1 3 1 1 0 0 0 1 233 0 0 1 99 0 1 99 99 1 0 0 0 0 0 1 99 98 270 507 59 180 1 56 94 788 0 99 99 0 196 0 94 374 99 151 484 234 636 638 291 321 206 1174 216 74 82 0 0 0 0 65 0 0 99 83 0 0 31 46 179 119 257 0 188 596 265 223 236 0 0 0 0 0 0 0 0 0 0 0 0 0 0 0 0 0 0 0 0 0 0 0 0 0 0 0 0 0 0 0 0 0 0 0 0 0 0 0 0 0 0 0 0 0 0 0 0 0 0 0 0 0 0 0 0 0 0 0 0 0 0 0 0 0 0 0 0 0 0 0 0 0 0 0 0 0 0 0 0 0 0 0 0 0 0 0 0 0 0 0 0 0 0 0 0 0 0 0 0 0 0 0 0 0 0 0 0 0 0 0 0 0 0 0 0 0 0 0 0 0 0 0 0 0 0 0 0 0 0 0 0 0 0 0 0 0 0 0 0 0 0 0 0 0 0 0 0 0 0 0 0 0 0 0 0 0 0 0 0 0 0 0 0 0 0 0 0 0 0 0 0 0 0 0 0 0 0 0 0 0 0 0 0 0 0 0 0 0 0 0 0 0 0 0 0 0 0 0 0 0 0 0 0 0 0 0 0 0 0 0 0 0 71 0 0 0 0 0 0 0 0 0 0 0 0 0 0 0 0 0 0 0 0 0 0 0 0 0 0 0 0 0 0 0 0 0 0 0 0 0 0 0 0 0 0 0 0 0 0 0 0 0 0 0 0 0 0 0 0 0 0 0 0 0 0 0 0 0 0 0 0 0 0 0 0 0 0 0 0 0 0 0 0 0 0 0 0 0 0 0 0 0 0 0 0 0 0 0 0 0 0 0 0 0 0 0 0 0 0 0 0 0 0 0 0 0 0 0 0 0 0 0 0 0 0 0 0 0 0 0 0 0 0 0 0 0 0 0 0 0 0 0 0 0 0 0 0 0 0 0 0 0 0 0 0 0 0 0 0 0 0 0 0 0 0 0 0 0 0 0 0 0 0 0 0 0 0 0 0 0 0 0 0 0 0 0 0 0 0 0 0 0 0 0 0 0 0 0 0 0 0 0 0 0 0 0 0 0 0 0 0 0 0 0 0 0 0 0 0 0 0 0 0 0 0 0 0 0 0 0 0 0 0 0 0 0 0 0 0 0 0 0 0 0 0 0 0 0 0 0 0 0 0 0 0 0 0 0 0 0 0 0 0 0 0 0 0 0 0 0 0 0 0 0 0 0 0 0 0 0 0 0 0 0 0 0 0 0 0 0 0 0 0 0 0 0 0 0 0 0 0 0 0 0 0 0 0 0 0 0 0 0 0 0 0 0 0 0 0 0 0 0 0 0 0 0 0 0 0 0 0 0 0 0 0 0 0 0 0 0 0 0 0 0 0 0 0 0 0 0 0 0 0 0 0 0 0 0 0 0 0 0 0 0 0 0 0 0 0 0 0 0 0 0 0 0 0 0 0 0 0 0 0 0 0 0 0 0 0 0 0 0 0 0 0 0 0 0 0 0 0 0 0 0 0 0 0 0 0 0 0 0 0 0 0 0 0 0 0 0 0 0 0 0 0 0 0 0 0 0 0 0 0 0 0 0 0 0 0 0 0 0 0 0 0 0 0 0 0 0 0 0 0 0 0 0 0 0 0 0 0 0 0 0 0 0 0 0 0 0 0 0 0 0 0 0 0 0 0 0 0 0 0 0 0 0 0 0 0 0 0 0 0 0 0 0 0 0 0 0 0 0 0 0 0 0 0 0 0 0 0 0 0 0 0 0 0 0 0 0 0 0 0 0 0 0 0 0 0 0 0 0 0 0 0 0 0 0 0 0 0 0 0 0 0 0 0 0 0 0 0 0 0 0 0 0 0 0 0 0 0 0 0 0 0 0 0 0 0 0 0 0 0 0 0 0 0 0 0 0 0 0 0 0 0 0 0 0 0 0 0 0 0 0 0 0 0 0 0 0 0 0 0 0 0 0 0 0 0 0 0 0 0 0
CC_Count 10236 8293 7680 7865 7587 7586 7142 7726 7471 8091 7552 6388 7247 6769 7788 6928 7242 5996 6090 6030 6730 4212 4426 6535 5941 10819 7314 15321 14399 22601 17482 16953 14180 15490 22473 20344 26684 26333 25618 29209 31505 26061 31128 36081 37715 40920 34528 35496 39401 33770 37924 43343 47838 43776 39682 36524 45911 47619 44439 8814 9124 24094 35606 34746 44770 43829 46108 39874 40391 43201 44923 49411 48513 47850 49434 49439 47682 49441 46798 49459 42223 45765 47885 46216 46107 41656 39922 48654 48583 48578 46096 49492 49465 49486 49487 49492 49481 49482 49492 49487 49493 49495 49500 49500 49500 49491 48615 49500 49500 49494 48609 49500 49499 48609 48609 49491 49500 49500 49500 49500 49500 49493 48609 48618 47052 44844 48984 47880 49493 48996 48654 42219 49500 48609 48609 49500 47727 49500 48654 46108 48609 48132 45036 47382 45068 43952 46833 46598 47625 44221 47574 48834 48762 49500 49500 49500 49500 48915 49500 49500 48717 48753 49500 49500 49221 49086 47889 48717 47147 49500 47707 46712 46870 47260 47520 49500 49500 49500 49500 49500 49500 49500 49500 49500 49500 49500 49500 49500 49500 49500 49500 49500 49500 49500 49500 49500 49500 49500 49500 49500 49500 49500 49500 49500 49500 49500 49500 49500 49500 49500 49500 49500 49500 49500 49500 49500 49500 49500 49500 49500 49500 49500 49500 49500 49500 49500 49500 49500 49500 49500 49500 49500 49500 49500 49500 49500 49500 49500 49500 49500 49500 49500 49500 49500 49500 49500 49500 49500 49500 49500 49500 49500 49500 49500 49500 49500 49500 49500 49500 49500 49500 49500 49500 49500 49500 49500 49500 49500 49500 49500 49500 49500 49500 49500 49500 49500 49500 49500 49500 49500 49500 49500 49500 49500 49500 49500 49500 49500 49500 49500 49500 49500 49500 49500 49500 49500 49500 49500 49500 49500 49500 49500 49500 49500 49500 49500 49500 49500 49500 49500 49500 49500 49500 49500 49500 49500 49500 49500 49500 49500 49500 49500 49500 49500 49500 49500 49500 49500 49500 49500 49500 49500 49500 49500 49500 49500 49500 49500 49500 49500 49500 49500 49500 49500 49500 49500 49500 49500 49500 49500 49500 49500 49500 49500 49500 49500 49500 49500 49500 49500 49500 49500 49500 49500 49500 49500 49500 49500 49500 49500 49500 49500 49500 49500 49500 49500 49500 49500 49500 49500 49500 49500 49500 49500 49500 49500 49500 49500 48790 49500 49500 49500 49500 49500 49500 49500 49500 49500 49500 49500 49500 49500 49500 49500 49500 49500 49500 49500 49500 49500 49500 49500 49500 49500 49500 49500 49500 49500 49500 49500 49500 49500 49500 49500 49500 49500 49500 49500 49500 49500 49500 49500 49500 49500 49500 49500 49500 49500 49500 49500 49500 49500 49500 49500 49500 49500 49500 49500 49500 49500 49500 49500 49500 49500 49500 49500 49500 49500 49500 49500 49500 49500 49500 49500 49500 49500 49500 49500 49500 49500 49500 49500 49500 49500 49500 49500 49500 49500 49500 49500 49500 49500 49500 49500 49500 49500 49500 49500 49500 49500 49500 49500 49500 49500 49500 49500 49500 49500 49500 49500 49500 49500 49500 49500 49500 49500 49500 49500 49500 49500 49500 49500 49500 49500 49500 49500 49500 49500 49500 49500 49500 49500 49500 49500 49500 49500 49500 49500 49500 49500 49500 49500 49500 49500 49500 49500 49500 49500 49500 49500 49500 49500 49500 49500 49500 49500 49500 49500 49500 49500 49500 49500 49500 49500 49500 49500 49500 49500 49500 49500 49500 49500 49500 49500 49500 49500 49500 49500 49500 49500 49500 49500 49500 49500 49500 49500 49500 49500 49500 49500 49500 49500 49500 49500 49500 49500 49500 49500 49500 49500 49500 49500 49500 49500 49500 49500 49500 49500 49500 49500 49500 49500 49500 49500 49500 49500 49500 49500 49500 49500 49500 49500 49500 49500 49500 49500 49500 49500 49500 49500 49500 49500 49500 49500 49500 49500 49500 49500 49500 49500 49500 49500 49500 49500 49500 49500 49500 49500 49500 49500 49500 49500 49500 49500 49500 49500 49500 49500 49500 49500 49500 49500 49500 49500 49500 49500 49500 49500 49500 49500 49500 49500 49500 49500 49500 49500 49500 49500 49500 49500 49500 49500 49500 49500 49500 49500 49500 49500 49500 49500 49500 49500 49500 49500 49500 49500 49500 49500 49500 49500 49500 49500 49500 49500 49500 49500 49500 49500 49500 49500 49500 49500 49500 49500 49500 49500 49500 49500 49500 49500 49500 49500 49500 49500 49500 49500 49500 49500 49500 49500 49500 49500 49500 49500 49500 49500 49500 49500 49500 49500 49500 49500 49500 49500 49500 49500 49500 49500 49500 49500 49500 49500 49500 49500 49500 49500 49500 49500 49500 49500 49500 49500 49500 49500 49500 49500 49500 49500 49500 49500 49500 49500 49500 49500 49500 49500 49500 49500 49500 49500 49500 49500 49500 49500 49500 49500 49500 49500 49500 49500 49500 49500 49500 49500 49500 49500 49500 49500 49500 49500 49500 49500 49500 49500 49500 49500 49500 49500 49500 49500 49500 49500 49500 49500 49500 49500 49500 49500 49500 49500 49500 49500 49500 49500 49500 49500 49500 49500 49500 49500 49500 49500 49500 49500 49500 49500 49500 49500 49500 49500 49500 49500 49500 49500 49500 49500 49500 49500 49500 49500 49500 49500 49500 49500 49500 49500 49500 49500 49500 49500 49500 49500 49500 49500 49500 49500 49500 49500 49500 49500 49500 49500 49500 49500 49500 49500 49500 49500 49500 49500 49500 49500 49500 49500 49500 49500 49500 49500 49500 49500 49500 49500 49500 49500 49500 49500 49500 49500 49500 49500 49500 49500 49500 49500 49500 49500 49500 49500 49500 49500 49500 49500 49500 49500 49500 49500 49500 49500 49500 49500 49500 49500 49500 49500 49500 49500 49500 49500 49500 49500 49500 49500 49500 49500 49500 49500 49500 49500 49500 49500 49500 49500 49500 49500 49500 49500 49500 49500 49500 49500 49500 49500 49500 49500 49500 49500 49500 49500 49500 49500 49500 49500 49500 49500 49500 49500 49500 49500 49500 49500 49500 49500 49500 49500 49500 49500 49500 49500 49500 49500 49500 49500 49500 49500 49500 49500 49500 49500 49500 49500 49500 49500 49500 49500 49500 49500 49500 49500 49500 49500 49500 49500 49500 49500 49500 49500 49500 49500 49500 49500
DD_Count 14361 16951 17800 17546 18240 18185 19053 17248 18420 17482 16697 19353 18701 19396 17978 19648 19028 20320 21254 20135 19216 23852 23917 19640 22112 16968 22116 15972 17213 14053 18679 16904 20099 20357 16089 17169 13518 14950 13859 13270 11768 13854 11276 8442 6885 4135 9572 3436 3623 8835 4900 1408 617 2912 7688 7427 1788 1345 2304 31068 25531 14631 6275 9881 3102 4407 2427 8006 5422 4264 3201 66 684 1080 40 48 1300 47 1990 32 6472 3058 1435 2700 2950 7075 8588 761 688 819 3031 6 30 12 11 7 16 15 7 10 6 4 0 0 0 8 652 0 0 5 792 0 0 792 792 8 0 0 0 0 0 6 792 784 2178 4149 457 1440 6 448 752 6493 0 792 792 0 1577 0 752 3018 792 1217 3980 1884 3796 4910 2376 2581 1669 4105 1710 592 656 0 0 0 0 520 0 0 684 664 0 0 248 368 1432 664 2096 0 1605 2192 2365 2017 1744 0 0 0 0 0 0 0 0 0 0 0 0 0 0 0 0 0 0 0 0 0 0 0 0 0 0 0 0 0 0 0 0 0 0 0 0 0 0 0 0 0 0 0 0 0 0 0 0 0 0 0 0 0 0 0 0 0 0 0 0 0 0 0 0 0 0 0 0 0 0 0 0 0 0 0 0 0 0 0 0 0 0 0 0 0 0 0 0 0 0 0 0 0 0 0 0 0 0 0 0 0 0 0 0 0 0 0 0 0 0 0 0 0 0 0 0 0 0 0 0 0 0 0 0 0 0 0 0 0 0 0 0 0 0 0 0 0 0 0 0 0 0 0 0 0 0 0 0 0 0 0 0 0 0 0 0 0 0 0 0 0 0 0 0 0 0 0 0 0 0 0 0 0 0 0 0 0 0 0 0 0 0 0 0 0 0 0 0 0 0 0 0 0 0 0 0 0 0 0 0 0 0 0 0 0 0 0 0 0 0 0 0 0 639 0 0 0 0 0 0 0 0 0 0 0 0 0 0 0 0 0 0 0 0 0 0 0 0 0 0 0 0 0 0 0 0 0 0 0 0 0 0 0 0 0 0 0 0 0 0 0 0 0 0 0 0 0 0 0 0 0 0 0 0 0 0 0 0 0 0 0 0 0 0 0 0 0 0 0 0 0 0 0 0 0 0 0 0 0 0 0 0 0 0 0 0 0 0 0 0 0 0 0 0 0 0 0 0 0 0 0 0 0 0 0 0 0 0 0 0 0 0 0 0 0 0 0 0 0 0 0 0 0 0 0 0 0 0 0 0 0 0 0 0 0 0 0 0 0 0 0 0 0 0 0 0 0 0 0 0 0 0 0 0 0 0 0 0 0 0 0 0 0 0 0 0 0 0 0 0 0 0 0 0 0 0 0 0 0 0 0 0 0 0 0 0 0 0 0 0 0 0 0 0 0 0 0 0 0 0 0 0 0 0 0 0 0 0 0 0 0 0 0 0 0 0 0 0 0 0 0 0 0 0 0 0 0 0 0 0 0 0 0 0 0 0 0 0 0 0 0 0 0 0 0 0 0 0 0 0 0 0 0 0 0 0 0 0 0 0 0 0 0 0 0 0 0 0 0 0 0 0 0 0 0 0 0 0 0 0 0 0 0 0 0 0 0 0 0 0 0 0 0 0 0 0 0 0 0 0 0 0 0 0 0 0 0 0 0 0 0 0 0 0 0 0 0 0 0 0 0 0 0 0 0 0 0 0 0 0 0 0 0 0 0 0 0 0 0 0 0 0 0 0 0 0 0 0 0 0 0 0 0 0 0 0 0 0 0 0 0 0 0 0 0 0 0 0 0 0 0 0 0 0 0 0 0 0 0 0 0 0 0 0 0 0 0 0 0 0 0 0 0 0 0 0 0 0 0 0 0 0 0 0 0 0 0 0 0 0 0 0 0 0 0 0 0 0 0 0 0 0 0 0 0 0 0 0 0 0 0 0 0 0 0 0 0 0 0 0 0 0 0 0 0 0 0 0 0 0 0 0 0 0 0 0 0 0 0 0 0 0 0 0 0 0 0 0 0 0 0 0 0 0 0 0 0 0 0 0 0 0 0 0 0 0 0 0 0 0 0 0 0 0 0 0 0 0 0 0 0 0 0 0 0 0 0 0 0 0 0 0 0 0 0 0 0 0 0 0 0 0 0 0 0 0 0 0 0 0 0 0 0 0 0 0 0 0 0 0 0 0 0 0 0 0 0 0 0 0 0 0 0 0 0 0 0 0 0 0 0 0 0 0 0 0 0 0 0 0 0 0 0 0 0 0 0 0 0 0 0 0 0 0 0 0 0 0 0 0 0 0 0 0 0 0 0 0 0 0 0 0 0 0 0
Number_of_Cooperators 2 0 2 0 2 0 0 0 0 2 1 0 0 1 3 0 0 0 0 0 0 0 0 0 0 2 2 0 1 1 0 3 0 0 1 0 0 0 0 1 0 0 0 0 0 0 0 0 0 0 0 1 10 1 0 1 0 1 0 0 0 0 0 0 0 0 0 0 0 0 0 0 0 0 0 0 0 0 0 0 0 0 0 0 0 0 0 0 0 0 0 0 0 0 0 0 0 0 0 0 0 0 0 0 0 0 0 0 0 0 0 0 0 0 0 0 0 0 0 0 0 0 0 0 0 0 0 0 0 0 0 0 0 0 0 0 0 0 0 0 0 0 0 0 0 0 0 0 0 0 0 0 0 0 0 0 0 0 0 0 0 0 0 0 0 0 0 0 0 0 0 0 0 0 0 0 0 0 0 0 0 0 0 0 0 0 0 0 0 0 0 0 0 0 0 0 0 0 0 0 0 0 0 0 0 0 0 0 0 0 0 0 0 0 0 0 0 0 0 0 0 0 0 0 0 0 0 0 0 0 0 0 0 0 0 0 0 0 0 0 0 0 0 0 0 0 0 0 0 0 0 0 0 0 0 0 0 0 0 0 0 0 0 0 0 0 0 0 0 0 0 0 0 0 0 0 0 0 0 0 0 0 0 0 0 0 0 0 0 0 0 0 0 0 0 0 0 0 0 0 0 0 0 0 0 0 0 0 0 0 0 0 0 0 0 0 0 0 0 0 0 0 0 0 0 0 0 0 0 0 0 0 0 0 0 0 0 0 0 0 0 0 0 0 0 0 0 0 0 0 0 0 0 0 0 0 0 0 0 0 0 0 0 0 0 0 0 0 0 0 0 0 0 0 0 0 0 0 0 0 0 0 0 0 0 0 0 0 0 0 0 0 0 0 0 0 0 0 0 0 0 0 0 0 0 0 0 0 0 0 0 0 0 0 0 0 0 0 0 0 0 0 0 0 0 0 0 0 0 0 0 0 0 0 0 0 0 0 0 0 0 0 0 0 0 0 0 0 0 0 0 0 0 0 0 0 0 0 0 0 0 0 0 0 0 0 0 0 0 0 0 0 0 0 0 0 0 0 0 0 0 0 0 0 0 0 0 0 0 0 0 0 0 0 0 0 0 0 0 0 0 0 0 0 0 0 0 0 0 0 0 0 0 0 0 0 0 0 0 0 0 0 0 0 0 0 0 0 0 0 0 0 0 0 0 0 0 0 0 0 0 0 0 0 0 0 0 0 0 0 0 0 0 0 0 0 0 0 0 0 0 0 0 0 0 0 0 0 0 0 0 0 0 0 0 0 0 0 0 0 0 0 0 0 0 0 0 0 0 0 0 0 0 0 0 0 0 0 0 0 0 0 0 0 0 0 0 0 0 0 0 0 0 0 0 0 0 0 0 0 0 0 0 0 0 0 0 0 0 0 0 0 0 0 0 0 0 0 0 0 0 0 0 0 0 0 0 0 0 0 0 0 0 0 0 0 0 0 0 0 0 0 0 0 0 0 0 0 0 0 0 0 0 0 0 0 0 0 0 0 0 0 0 0 0 0 0 0 0 0 0 0 0 0 0 0 0 0 0 0 0 0 0 0 0 0 0 0 0 0 0 0 0 0 0 0 0 0 0 0 0 0 0 0 0 0 0 0 0 0 0 0 0 0 0 0 0 0 0 0 0 0 0 0 0 0 0 0 0 0 0 0 0 0 0 0 0 0 0 0 0 0 0 0 0 0 0 0 0 0 0 0 0 0 0 0 0 0 0 0 0 0 0 0 0 0 0 0 0 0 0 0 0 0 0 0 0 0 0 0 0 0 0 0 0 0 0 0 0 0 0 0 0 0 0 0 0 0 0 0 0 0 0 0 0 0 0 0 0 0 0 0 0 0 0 0 0 0 0 0 0 0 0 0 0 0 0 0 0 0 0 0 0 0 0 0 0 0 0 0 0 0 0 0 0 0 0 0 0 0 0 0 0 0 0 0 0 0 0 0 0 0 0 0 0 0 0 0 0 0 0 0 0 0 0 0 0 0 0 0 0 0 0 0 0 0 0 0 0 0 0 0 0 0 0 0 0 0 0 0 0 0 0 0 0 0 0 0 0 0 0 0 0 0 0 0 0 0 0 0 0 0 0 0 0 0 0 0 0 0 0 0 0 0 0 0 0 0 0 0 0 0 0 0 0 0 0 0 0 0 0 0 0 0 0 0 0 0 0 0 0 0 0 0 0 0 0 0 0 0 0 0 0 0 0 0 0 0 0 0
Number_of_Defectors 21 22 40 37 24 38 30 29 31 18 33 32 31 23 12 14 16 27 24 22 18 21 20 14 13 8 6 7 3 0 1 3 1 5 2 2 0 0 0 1 0 1 0 0 1 0 0 0 0 0 0 0 0 0 0 1 0 0 0 5 13 1 1 0 0 0 0 0 0 0 0 0 0 0 0 0 0 0 0 0 0 0 0 0 0 0 0 0 0 0 0 0 0 0 0 0 0 0 0 0 0 0 0 0 0 0 0 0 0 0 0 0 0 0 0 0 0 0 0 0 0 0 0 0 0 0 0 0 0 0 0 0 0 0 0 0 0 0 0 0 0 0 0 0 0 0 0 0 0 0 0 0 0 0 0 0 0 0 0 0 0 0 0 0 0 0 0 0 0 0 0 0 0 0 0 0 0 0 0 0 0 0 0 0 0 0 0 0 0 0 0 0 0 0 0 0 0 0 0 0 0 0 0 0 0 0 0 0 0 0 0 0 0 0 0 0 0 0 0 0 0 0 0 0 0 0 0 0 0 0 0 0 0 0 0 0 0 0 0 0 0 0 0 0 0 0 0 0 0 0 0 0 0 0 0 0 0 0 0 0 0 0 0 0 0 0 0 0 0 0 0 0 0 0 0 0 0 0 0 0 0 0 0 0 0 0 0 0 0 0 0 0 0 0 0 0 0 0 0 0 0 0 0 0 0 0 0 0 0 0 0 0 0 0 0 0 0 0 0 0 0 0 0 0 0 0 0 0 0 0 0 0 0 0 0 0 0 0 0 0 0 0 0 0 0 0 0 0 0 0 0 0 0 0 0 0 0 0 0 0 0 0 0 0 0 0 0 0 0 0 0 0 0 0 0 0 0 0 0 0 0 0 0 0 0 0 0 0 0 0 0 0 0 0 0 0 0 0 0 0 0 0 0 0 0 0 0 0 0 0 0 0 0 0 0 0 0 0 0 0 0 0 0 0 0 0 0 0 0 0 0 0 0 0 0 0 0 0 0 0 0 0 0 0 0 0 0 0 0 0 0 0 0 0 0 0 0 0 0 0 0 0 0 0 0 0 0 0 0 0 0 0 0 0 0 0 0 0 0 0 0 0 0 0 0 0 0 0 0 0 0 0 0 0 0 0 0 0 0 0 0 0 0 0 0 0 0 0 0 0 0 0 0 0 0 0 0 0 0 0 0 0 0 0 0 0 0 0 0 0 0 0 0 0 0 0 0 0 0 0 0 0 0 0 0 0 0 0 0 0 0 0 0 0 0 0 0 0 0 0 0 0 0 0 0 0 0 0 0 0 0 0 0 0 0 0 0 0 0 0 0 0 0 0 0 0 0 0 0 0 0 0 0 0 0 0 0 0 0 0 0 0 0 0 0 0 0 0 0 0 0 0 0 0 0 0 0 0 0 0 0 0 0 0 0 0 0 0 0 0 0 0 0 0 0 0 0 0 0 0 0 0 0 0 0 0 0 0 0 0 0 0 0 0 0 0 0 0 0 0 0 0 0 0 0 0 0 0 0 0 0 0 0 0 0 0 0 0 0 0 0 0 0 0 0 0 0 0 0 0 0 0 0 0 0 0 0 0 0 0 0 0 0 0 0 0 0 0 0 0 0 0 0 0 0 0 0 0 0 0 0 0 0 0 0 0 0 0 0 0 0 0 0 0 0 0 0 0 0 0 0 0 0 0 0 0 0 0 0 0 0 0 0 0 0 0 0 0 0 0 0 0 0 0 0 0 0 0 0 0 0 0 0 0 0 0 0 0 0 0 0 0 0 0 0 0 0 0 0 0 0 0 0 0 0 0 0 0 0 0 0 0 0 0 0 0 0 0 0 0 0 0 0 0 0 0 0 0 0 0 0 0 0 0 0 0 0 0 0 0 0 0 0 0 0 0 0 0 0 0 0 0 0 0 0 0 0 0 0 0 0 0 0 0 0 0 0 0 0 0 0 0 0 0 0 0 0 0 0 0 0 0 0 0 0 0 0 0 0 0 0 0 0 0 0 0 0 0 0 0 0 0 0 0 0 0 0 0 0 0 0 0 0 0 0 0 0 0 0 0 0 0 0 0 0 0 0 0 0 0 0 0 0 0 0 0 0 0 0 0 0 0 0 0 0 0 0 0 0 0 0 0 0 0 0 0 0 0 0 0 0 0 0 0 0 0 0 0 0 0 0 0 0 0 0 0 0 0 0 0 0 0 0 0 0 0 0 0 0 0 0 0 0 0 0 0 0 0 0 0 0 0 0 0 0 0 0 0 0 0
Number_of_Tit4Tat_Players 2 1 2 2 2 0 1 1 1 3 1 2 1 2 4 4 3 0 1 3 1 0 1 2 6 2 1 3 6 11 3 4 4 7 4 6 3 6 12 22 22 28 40 20 43 21 38 75 63 49 65 60 49 27 7 18 9 13 0 1 2 10 8 15 11 15 9 7 11 0 0 0 0 1 0 0 0 0 0 0 1 0 0 0 0 0 0 0 0 0 0 0 0 0 0 0 0 0 0 0 0 0 0 0 0 0 0 0 0 0 0 0 0 0 0 0 0 0 0 0 0 0 0 0 0 0 0 0 0 0 0 0 0 0 0 0 0 0 0 0 0 0 0 0 0 0 0 0 0 0 0 0 0 0 0 0 0 0 0 0 0 0 0 0 0 0 0 1 0 0 0 0 2 2 5 10 13 13 10 15 12 10 16 13 12 17 19 14 7 13 16 13 11 10 10 17 10 13 7 13 12 16 12 16 14 11 24 12 10 10 17 17 13 10 19 12 13 12 12 15 13 13 4 13 12 14 13 25 11 15 15 7 10 20 10 15 16 11 15 17 8 14 22 16 13 13 15 15 17 15 16 18 13 18 19 16 16 18 15 10 15 12 15 12 14 20 12 7 11 24 16 11 8 14 14 15 18 11 9 8 12 16 14 18 9 11 15 15 12 16 18 10 10 15 16 15 9 20 9 11 19 12 12 15 12 22 11 19 10 15 7 14 10 10 15 13 16 9 14 13 15 15 20 21 13 12 15 21 17 15 21 14 18 12 17 9 19 11 11 14 9 14 14 18 8 7 9 12 12 11 18 18 14 13 17 12 21 11 12 15 8 11 9 13 12 8 16 13 15 10 11 12 10 7 17 10 9 12 12 13 10 11 9 12 8 18 14 7 15 4 8 9 7 5 7 12 8 7 9 9 11 9 3 6 7 8 13 8 5 7 7 8 12 10 7 6 7 9 7 10 9 8 6 5 8 6 11 5 7 3 9 5 5 10 8 8 8 11 7 6 7 12 5 12 8 12 4 9 6 12 6 6 10 7 7 8 9 11 11 12 5 7 8 5 11 6 8 8 7 7 9 11 9 6 8 10 8 14 4 5 12 7 6 8 6 7 12 11 8 4 8 11 8 7 9 10 5 4 6 7 9 5 4 9 8 3 11 6 5 5 6 5 5 7 6 7 10 8 5 13 15 12 10 7 8 10 6 14 5 8 10 10 9 10 13 9 10 3 8 3 10 5 5 5 7 12 4 11 13 7 3 7 11 4 6 7 6 8 6 11 12 8 8 5 7 9 7 5 5 10 7 13 6 9 5 7 8 8 7 9 10 6 6 6 8 6 5 7 10 10 3 12 7 11 4 9 6 12 11 12 11 9 6 6 11 11 4 6 7 6 8 9 7 9 8 7 8 8 6 5 7 9 6 11 10 12 6 6 10 10 13 9 6 4 6 5 7 4 9 9 6 4 11 11 7 6 8 8 4 6 5 8 11 12 9 8 8 10 5 12 9 7 6 9 5 9 7 7 10 8 3 7 7 7 5 8 5 4 7 5 4 7 8 6 12 4 6 6 9 16 5 11 15 6 9 4 6 9 8 6 5 7 8 10 6 5 7 1 8 6 6 11 7 8 8 8 6 11 5 7 8 7 3 6 6 9 2 10 12 7 14 11 8 5 10 12 5 6 9 7 6 5 14 4 12 8 9 6 5 5 8 13 7 9 8 9 3 3 11 6 5 5 11 9 2 11 13 3 8 10 9 4 6 13 2 7 7 11 6 8 11 9 8 12 6 6 11 12 11 7 5 8 6 8 7 7 6 7 6 5 8 6 9 6 8 13 8 8 9 6 8 10 15 11 12 6 4 3 12 9 5 7 10 17 7 5 8 8 3 5 6 6 4 5 7 8 7 6 6 4 8 8 13 11 7 8 9 11 5 6 10 12 4 10 12 6 8 7 4 10 5 8 12 7 5 10 10 7 9 9 11 7 3 9 7 6 6 9 3 12 8 7 9 11 6 6 5 8 11 12 6 5 4 7 9 5 5 4 5 6 6 10 8 10 8 6 12 3 6 4 2 10 9 3 6 4 6 4 8 8 8 11 10 11 10 12 8 5 6 14 11 7 6 6 8 6 9 5 6 9 11 7 9 10 8 10 6 9 13 5 7 7 7 8 13 8 8 10 15 5 10 12 7 7 4 8 8 4 7 6 11 4 15 9 10 11 8 6 14 6 6 6 6 11 5 7 10 5 5 11 5 6 13 5 14 7 8 3 6 7
Other_Strategies 75 77 56 61 72 62 69 70 68 77 65 66 68 74 81 82 81 73 75 75 81 79 79 84 81 88 91 90 90 88 96 90 95 88 93 92 97 94 88 76 78 71 60 80 56 79 62 25 37 51 35 39 41 72 93 80 91 86 100 94 85 89 91 85 89 85 91 93 89 100 100 100 100 99 100 100 100 100 100 100 99 100 100 100 100 100 100 100 100 100 100 100 100 100 100 100 100 100 100 100 100 100 100 100 100 100 100 100 100 100 100 100 100 100 100 100 100 100 100 100 100 100 100 100 100 100 100 100 100 100 100 100 100 100 100 100 100 100 100 100 100 100 100 100 100 100 100 100 100 100 100 100 100 100 100 100 100 100 100 100 100 100 100 100 100 100 100 99 100 100 100 100 98 98 95 90 87 87 90 85 88 90 84 87 88 83 81 86 93 87 84 87 89 90 90 83 90 87 93 87 88 84 88 84 86 89 76 88 90 90 83 83 87 90 81 88 87 88 88 85 87 87 96 87 88 86 87 75 89 85 85 93 90 80 90 85 84 89 85 83 92 86 78 84 87 87 85 85 83 85 84 82 87 82 81 84 84 82 85 90 85 88 85 88 86 80 88 93 89 76 84 89 92 86 86 85 82 89 91 92 88 84 86 82 91 89 85 85 88 84 82 90 90 85 84 85 91 80 91 89 81 88 88 85 88 78 89 81 90 85 93 86 90 90 85 87 84 91 86 87 85 85 80 79 87 88 85 79 83 85 79 86 82 88 83 91 81 89 89 86 91 86 86 82 92 93 91 88 88 89 82 82 86 87 83 88 79 89 88 85 92 89 91 87 88 92 84 87 85 90 89 88 90 93 83 90 91 88 88 87 90 89 91 88 92 82 86 93 85 96 92 91 93 95 93 88 92 93 91 91 89 91 97 94 93 92 87 92 95 93 93 92 88 90 93 94 93 91 93 90 91 92 94 95 92 94 89 95 93 97 91 95 95 90 92 92 92 89 93 94 93 88 95 88 92 88 96 91 94 88 94 94 90 93 93 92 91 89 89 88 95 93 92 95 89 94 92 92 93 93 91 89 91 94 92 90 92 86 96 95 88 93 94 92 94 93 88 89 92 96 92 89 92 93 91 90 95 96 94 93 91 95 96 91 92 97 89 94 95 95 94 95 95 93 94 93 90 92 95 87 85 88 90 93 92 90 94 86 95 92 90 90 91 90 87 91 90 97 92 97 90 95 95 95 93 88 96 89 87 93 97 93 89 96 94 93 94 92 94 89 88 92 92 95 93 91 93 95 95 90 93 87 94 91 95 93 92 92 93 91 90 94 94 94 92 94 95 93 90 90 97 88 93 89 96 91 94 88 89 88 89 91 94 94 89 89 96 94 93 94 92 91 93 91 92 93 92 92 94 95 93 91 94 89 90 88 94 94 90 90 87 91 94 96 94 95 93 96 91 91 94 96 89 89 93 94 92 92 96 94 95 92 89 88 91 92 92 90 95 88 91 93 94 91 95 91 93 93 90 92 97 93 93 93 95 92 95 96 93 95 96 93 92 94 88 96 94 94 91 84 95 89 85 94 91 96 94 91 92 94 95 93 92 90 94 95 93 99 92 94 94 89 93 92 92 92 94 89 95 93 92 93 97 94 94 91 98 90 88 93 86 89 92 95 90 88 95 94 91 93 94 95 86 96 88 92 91 94 95 95 92 87 93 91 92 91 97 97 89 94 95 95 89 91 98 89 87 97 92 90 91 96 94 87 98 93 93 89 94 92 89 91 92 88 94 94 89 88 89 93 95 92 94 92 93 93 94 93 94 95 92 94 91 94 92 87 92 92 91 94 92 90 85 89 88 94 96 97 88 91 95 93 90 83 93 95 92 92 97 95 94 94 96 95 93 92 93 94 94 96 92 92 87 89 93 92 91 89 95 94 90 88 96 90 88 94 92 93 96 90 95 92 88 93 95 90 90 93 91 91 89 93 97 91 93 94 94 91 97 88 92 93 91 89 94 94 95 92 89 88 94 95 96 93 91 95 95 96 95 94 94 90 92 90 92 94 88 97 94 96 98 90 91 97 94 96 94 96 92 92 92 89 90 89 90 88 92 95 94 86 89 93 94 94 92 94 91 95 94 91 89 93 91 90 92 90 94 91 87 95 93 93 93 92 87 92 92 90 85 95 90 88 93 93 96 92 92 96 93 94 89 96 85 91 90 89 92 94 86 94 94 94 94 89 95 93 90 95 95 89 95 94 87 95 86 93 92 97 94 93
Agent_Reward_Means 214.7 204.9 201.8 202.7 200.4 200.5 197.5 203.5 199.7 203.1 205.0 195.8 198.6 196.1 201.4 195.5 197.7 192.5 189.8 193.1 196.6 180.2 180.2 195.1 187.1 207.4 188.5 214.9 210.3 227.9 208.9 213.7 201.4 201.9 221.7 216.3 233.6 229.0 231.5 236.9 243.7 232.0 244.8 258.3 264.6 276.0 253.3 272.7 276.0 254.8 270.7 286.6 293.5 282.5 264.1 261.7 288.0 291.1 285.0 163.1 180.0 227.7 264.3 252.6 283.0 278.1 286.3 263.4 271.6 277.9 282.8 296.7 294.0 292.1 296.8 296.8 291.3 296.8 288.3 296.9 270.3 284.1 291.1 285.6 284.8 267.9 261.7 293.9 294.0 293.6 284.5 297.0 296.9 297.0 297.0 297.0 296.9 296.9 297.0 297.0 297.0 297.0 297.0 297.0 297.0 297.0 294.2 297.0 297.0 297.0 293.7 297.0 297.0 293.7 293.7 297.0 297.0 297.0 297.0 297.0 297.0 297.0 293.7 293.8 288.0 279.9 295.1 291.1 297.0 295.2 293.9 270.2 297.0 293.7 293.7 297.0 290.5 297.0 293.9 284.6 293.7 292.0 280.6 289.2 281.2 276.7 287.2 286.4 290.1 279.4 289.9 294.6 294.3 297.0 297.0 297.0 297.0 294.9 297.0 297.0 294.2 294.3 297.0 297.0 296.0 295.5 291.1 294.2 288.4 297.0 290.4 287.6 287.3 288.7 289.8 297.0 297.0 297.0 297.0 297.0 297.0 297.0 297.0 297.0 297.0 297.0 297.0 297.0 297.0 297.0 297.0 297.0 297.0 297.0 297.0 297.0 297.0 297.0 297.0 297.0 297.0 297.0 297.0 297.0 297.0 297.0 297.0 297.0 297.0 297.0 297.0 297.0 297.0 297.0 297.0 297.0 297.0 297.0 297.0 297.0 297.0 297.0 297.0 297.0 297.0 297.0 297.0 297.0 297.0 297.0 297.0 297.0 297.0 297.0 297.0 297.0 297.0 297.0 297.0 297.0 297.0 297.0 297.0 297.0 297.0 297.0 297.0 297.0 297.0 297.0 297.0 297.0 297.0 297.0 297.0 297.0 297.0 297.0 297.0 297.0 297.0 297.0 297.0 297.0 297.0 297.0 297.0 297.0 297.0 297.0 297.0 297.0 297.0 297.0 297.0 297.0 297.0 297.0 297.0 297.0 297.0 297.0 297.0 297.0 297.0 297.0 297.0 297.0 297.0 297.0 297.0 297.0 297.0 297.0 297.0 297.0 297.0 297.0 297.0 297.0 297.0 297.0 297.0 297.0 297.0 297.0 297.0 297.0 297.0 297.0 297.0 297.0 297.0 297.0 297.0 297.0 297.0 297.0 297.0 297.0 297.0 297.0 297.0 297.0 297.0 297.0 297.0 297.0 297.0 297.0 297.0 297.0 297.0 297.0 297.0 297.0 297.0 297.0 297.0 297.0 297.0 297.0 297.0 297.0 297.0 297.0 297.0 297.0 297.0 297.0 297.0 297.0 297.0 297.0 297.0 297.0 297.0 297.0 297.0 297.0 297.0 297.0 297.0 297.0 297.0 297.0 297.0 297.0 297.0 297.0 297.0 297.0 297.0 297.0 297.0 297.0 297.0 297.0 297.0 297.0 297.0 297.0 297.0 297.0 297.0 297.0 297.0 297.0 294.4 297.0 297.0 297.0 297.0 297.0 297.0 297.0 297.0 297.0 297.0 297.0 297.0 297.0 297.0 297.0 297.0 297.0 297.0 297.0 297.0 297.0 297.0 297.0 297.0 297.0 297.0 297.0 297.0 297.0 297.0 297.0 297.0 297.0 297.0 297.0 297.0 297.0 297.0 297.0 297.0 297.0 297.0 297.0 297.0 297.0 297.0 297.0 297.0 297.0 297.0 297.0 297.0 297.0 297.0 297.0 297.0 297.0 297.0 297.0 297.0 297.0 297.0 297.0 297.0 297.0 297.0 297.0 297.0 297.0 297.0 297.0 297.0 297.0 297.0 297.0 297.0 297.0 297.0 297.0 297.0 297.0 297.0 297.0 297.0 297.0 297.0 297.0 297.0 297.0 297.0 297.0 297.0 297.0 297.0 297.0 297.0 297.0 297.0 297.0 297.0 297.0 297.0 297.0 297.0 297.0 297.0 297.0 297.0 297.0 297.0 297.0 297.0 297.0 297.0 297.0 297.0 297.0 297.0 297.0 297.0 297.0 297.0 297.0 297.0 297.0 297.0 297.0 297.0 297.0 297.0 297.0 297.0 297.0 297.0 297.0 297.0 297.0 297.0 297.0 297.0 297.0 297.0 297.0 297.0 297.0 297.0 297.0 297.0 297.0 297.0 297.0 297.0 297.0 297.0 297.0 297.0 297.0 297.0 297.0 297.0 297.0 297.0 297.0 297.0 297.0 297.0 297.0 297.0 297.0 297.0 297.0 297.0 297.0 297.0 297.0 297.0 297.0 297.0 297.0 297.0 297.0 297.0 297.0 297.0 297.0 297.0 297.0 297.0 297.0 297.0 297.0 297.0 297.0 297.0 297.0 297.0 297.0 297.0 297.0 297.0 297.0 297.0 297.0 297.0 297.0 297.0 297.0 297.0 297.0 297.0 297.0 297.0 297.0 297.0 297.0 297.0 297.0 297.0 297.0 297.0 297.0 297.0 297.0 297.0 297.0 297.0 297.0 297.0 297.0 297.0 297.0 297.0 297.0 297.0 297.0 297.0 297.0 297.0 297.0 297.0 297.0 297.0 297.0 297.0 297.0 297.0 297.0 297.0 297.0 297.0 297.0 297.0 297.0 297.0 297.0 297.0 297.0 297.0 297.0 297.0 297.0 297.0 297.0 297.0 297.0 297.0 297.0 297.0 297.0 297.0 297.0 297.0 297.0 297.0 297.0 297.0 297.0 297.0 297.0 297.0 297.0 297.0 297.0 297.0 297.0 297.0 297.0 297.0 297.0 297.0 297.0 297.0 297.0 297.0 297.0 297.0 297.0 297.0 297.0 297.0 297.0 297.0 297.0 297.0 297.0 297.0 297.0 297.0 297.0 297.0 297.0 297.0 297.0 297.0 297.0 297.0 297.0 297.0 297.0 297.0 297.0 297.0 297.0 297.0 297.0 297.0 297.0 297.0 297.0 297.0 297.0 297.0 297.0 297.0 297.0 297.0 297.0 297.0 297.0 297.0 297.0 297.0 297.0 297.0 297.0 297.0 297.0 297.0 297.0 297.0 297.0 297.0 297.0 297.0 297.0 297.0 297.0 297.0 297.0 297.0 297.0 297.0 297.0 297.0 297.0 297.0 297.0 297.0 297.0 297.0 297.0 297.0 297.0 297.0 297.0 297.0 297.0 297.0 297.0 297.0 297.0 297.0 297.0 297.0 297.0 297.0 297.0 297.0 297.0 297.0 297.0 297.0 297.0 297.0 297.0 297.0 297.0 297.0 297.0 297.0 297.0 297.0 297.0 297.0 297.0 297.0 297.0 297.0 297.0 297.0 297.0 297.0 297.0 297.0 297.0 297.0 297.0 297.0 297.0 297.0 297.0 297.0 297.0 297.0 297.0 297.0 297.0 297.0 297.0 297.0 297.0 297.0 297.0 297.0 297.0 297.0 297.0 297.0 297.0 297.0 297.0 297.0 297.0 297.0 297.0 297.0 297.0 297.0 297.0 297.0 297.0 297.0 297.0 297.0 297.0 297.0 297.0 297.0 297.0 297.0 297.0 297.0 297.0 297.0 297.0 297.0 297.0 297.0 297.0 297.0 297.0 297.0 297.0 297.0 297.0 297.0 297.0 297.0 297.0 297.0 297.0 297.0 297.0 297.0 297.0 297.0 297.0 297.0 297.0 297.0 297.0 297.0 297.0 297.0 297.0 297.0 297.0 297.0 297.0 297.0 297.0 297.0 297.0 297.0 297.0 297.0 297.0 297.0 297.0 297.0 297.0 297.0 297.0 297.0 297.0 297.0 297.0 297.0 297.0 297.0 297.0 297.0 297.0 297.0 297.0 297.0 297.0 297.0 297.0 297.0 297.0 297.0 297.0 297.0 297.0 297.0 297.0 297.0 297.0 297.0 297.0 297.0 297.0 297.0 297.0 297.0 297.0 297.0 297.0 297.0 297.0 297.0 297.0 297.0 297.0 297.0 297.0 297.0 297.0 297.0 297.0 297.0 297.0 297.0 297.0 297.0 297.0 297.0 297.0 297.0 297.0 297.0 297.0 297.0 297.0 297.0 297.0 297.0 297.0 297.0 297.0 297.0 297.0 297.0 297.0 297.0 297.0 297.0 297.0 297.0 297.0 297.0 297.0 297.0 297.0 297.0 297.0 297.0 297.0 297.0 297.0 297.0 297.0 297.0 297.0 297.0 297.0 297.0 297.0 297.0 297.0
Agent_Reward_SDs 25.6 23.0 25.7 30.1 27.3 27.0 27.6 35.1 29.0 28.2 44.8 33.6 29.5 28.4 26.2 30.2 33.7 28.9 31.7 37.7 35.0 35.6 31.9 36.2 17.8 26.1 28.2 28.1 19.6 16.1 21.8 20.2 21.0 26.2 29.4 25.0 27.9 34.9 25.5 30.2 28.7 26.8 29.9 27.6 28.0 15.2 30.0 17.6 22.4 28.7 26.1 12.1 3.3 15.1 29.5 25.8 19.6 11.7 5.1 21.8 20.6 25.9 14.4 35.9 23.1 25.7 16.2 27.5 20.3 23.5 24.1 0.6 13.3 17.9 0.5 0.5 20.5 0.5 24.3 0.5 32.6 25.2 17.0 25.7 25.9 34.7 40.0 12.9 14.9 13.6 25.1 0.2 0.4 0.3 0.3 0.2 0.3 0.3 0.2 0.2 0.2 0.1 0.0 0.0 0.0 0.2 14.7 0.0 0.0 0.2 13.6 0.0 0.0 13.6 13.6 0.2 0.0 0.0 0.0 0.0 0.0 0.2 13.6 13.5 21.2 27.8 7.9 17.4 0.2 7.8 12.9 32.9 0.0 13.6 13.6 0.0 18.9 0.0 12.9 22.7 13.6 15.0 27.2 18.1 25.3 28.6 18.4 23.0 13.6 28.2 17.2 10.2 11.3 0.0 0.0 0.0 0.0 9.0 0.0 0.0 11.5 8.1 0.0 0.0 4.3 6.4 10.8 12.3 20.5 0.0 15.5 19.7 16.2 17.2 20.1 0.0 0.0 0.0 0.0 0.0 0.0 0.0 0.0 0.0 0.0 0.0 0.0 0.0 0.0 0.0 0.0 0.0 0.0 0.0 0.0 0.0 0.0 0.0 0.0 0.0 0.0 0.0 0.0 0.0 0.0 0.0 0.0 0.0 0.0 0.0 0.0 0.0 0.0 0.0 0.0 0.0 0.0 0.0 0.0 0.0 0.0 0.0 0.0 0.0 0.0 0.0 0.0 0.0 0.0 0.0 0.0 0.0 0.0 0.0 0.0 0.0 0.0 0.0 0.0 0.0 0.0 0.0 0.0 0.0 0.0 0.0 0.0 0.0 0.0 0.0 0.0 0.0 0.0 0.0 0.0 0.0 0.0 0.0 0.0 0.0 0.0 0.0 0.0 0.0 0.0 0.0 0.0 0.0 0.0 0.0 0.0 0.0 0.0 0.0 0.0 0.0 0.0 0.0 0.0 0.0 0.0 0.0 0.0 0.0 0.0 0.0 0.0 0.0 0.0 0.0 0.0 0.0 0.0 0.0 0.0 0.0 0.0 0.0 0.0 0.0 0.0 0.0 0.0 0.0 0.0 0.0 0.0 0.0 0.0 0.0 0.0 0.0 0.0 0.0 0.0 0.0 0.0 0.0 0.0 0.0 0.0 0.0 0.0 0.0 0.0 0.0 0.0 0.0 0.0 0.0 0.0 0.0 0.0 0.0 0.0 0.0 0.0 0.0 0.0 0.0 0.0 0.0 0.0 0.0 0.0 0.0 0.0 0.0 0.0 0.0 0.0 0.0 0.0 0.0 0.0 0.0 0.0 0.0 0.0 0.0 0.0 0.0 0.0 0.0 0.0 0.0 0.0 0.0 0.0 0.0 0.0 0.0 0.0 0.0 0.0 0.0 0.0 0.0 0.0 0.0 0.0 0.0 0.0 0.0 0.0 0.0 0.0 0.0 11.2 0.0 0.0 0.0 0.0 0.0 0.0 0.0 0.0 0.0 0.0 0.0 0.0 0.0 0.0 0.0 0.0 0.0 0.0 0.0 0.0 0.0 0.0 0.0 0.0 0.0 0.0 0.0 0.0 0.0 0.0 0.0 0.0 0.0 0.0 0.0 0.0 0.0 0.0 0.0 0.0 0.0 0.0 0.0 0.0 0.0 0.0 0.0 0.0 0.0 0.0 0.0 0.0 0.0 0.0 0.0 0.0 0.0 0.0 0.0 0.0 0.0 0.0 0.0 0.0 0.0 0.0 0.0 0.0 0.0 0.0 0.0 0.0 0.0 0.0 0.0 0.0 0.0 0.0 0.0 0.0 0.0 0.0 0.0 0.0 0.0 0.0 0.0 0.0 0.0 0.0 0.0 0.0 0.0 0.0 0.0 0.0 0.0 0.0 0.0 0.0 0.0 0.0 0.0 0.0 0.0 0.0 0.0 0.0 0.0 0.0 0.0 0.0 0.0 0.0 0.0 0.0 0.0 0.0 0.0 0.0 0.0 0.0 0.0 0.0 0.0 0.0 0.0 0.0 0.0 0.0 0.0 0.0 0.0 0.0 0.0 0.0 0.0 0.0 0.0 0.0 0.0 0.0 0.0 0.0 0.0 0.0 0.0 0.0 0.0 0.0 0.0 0.0 0.0 0.0 0.0 0.0 0.0 0.0 0.0 0.0 0.0 0.0 0.0 0.0 0.0 0.0 0.0 0.0 0.0 0.0 0.0 0.0 0.0 0.0 0.0 0.0 0.0 0.0 0.0 0.0 0.0 0.0 0.0 0.0 0.0 0.0 0.0 0.0 0.0 0.0 0.0 0.0 0.0 0.0 0.0 0.0 0.0 0.0 0.0 0.0 0.0 0.0 0.0 0.0 0.0 0.0 0.0 0.0 0.0 0.0 0.0 0.0 0.0 0.0 0.0 0.0 0.0 0.0 0.0 0.0 0.0 0.0 0.0 0.0 0.0 0.0 0.0 0.0 0.0 0.0 0.0 0.0 0.0 0.0 0.0 0.0 0.0 0.0 0.0 0.0 0.0 0.0 0.0 0.0 0.0 0.0 0.0 0.0 0.0 0.0 0.0 0.0 0.0 0.0 0.0 0.0 0.0 0.0 0.0 0.0 0.0 0.0 0.0 0.0 0.0 0.0 0.0 0.0 0.0 0.0 0.0 0.0 0.0 0.0 0.0 0.0 0.0 0.0 0.0 0.0 0.0 0.0 0.0 0.0 0.0 0.0 0.0 0.0 0.0 0.0 0.0 0.0 0.0 0.0 0.0 0.0 0.0 0.0 0.0 0.0 0.0 0.0 0.0 0.0 0.0 0.0 0.0 0.0 0.0 0.0 0.0 0.0 0.0 0.0 0.0 0.0 0.0 0.0 0.0 0.0 0.0 0.0 0.0 0.0 0.0 0.0 0.0 0.0 0.0 0.0 0.0 0.0 0.0 0.0 0.0 0.0 0.0 0.0 0.0 0.0 0.0 0.0 0.0 0.0 0.0 0.0 0.0 0.0 0.0 0.0 0.0 0.0 0.0 0.0 0.0 0.0 0.0 0.0 0.0 0.0 0.0 0.0 0.0 0.0 0.0 0.0 0.0 0.0 0.0 0.0 0.0 0.0 0.0 0.0 0.0 0.0 0.0 0.0 0.0 0.0 0.0 0.0 0.0 0.0 0.0 0.0 0.0 0.0 0.0 0.0 0.0 0.0 0.0 0.0 0.0 0.0 0.0 0.0 0.0 0.0 0.0 0.0 0.0 0.0 0.0 0.0 0.0 0.0 0.0 0.0 0.0 0.0 0.0 0.0 0.0 0.0 0.0 0.0 0.0 0.0 0.0 0.0 0.0 0.0 0.0 0.0 0.0 0.0 0.0 0.0 0.0 0.0 0.0 0.0 0.0 0.0 0.0 0.0 0.0 0.0 0.0 0.0 0.0 0.0 0.0 0.0 0.0 0.0 0.0 0.0 0.0 0.0 0.0 0.0 0.0 0.0 0.0 0.0 0.0 0.0 0.0 0.0 0.0 0.0 0.0 0.0 0.0 0.0 0.0 0.0 0.0 0.0 0.0 0.0 0.0 0.0 0.0 0.0 0.0 0.0 0.0 0.0 0.0 0.0 0.0 0.0 0.0 0.0 0.0 0.0 0.0 0.0 0.0 0.0 0.0 0.0 0.0 0.0 0.0 0.0 0.0 0.0 0.0 0.0 0.0 0.0 0.0 0.0 0.0 0.0 0.0 0.0 0.0 0.0 0.0 0.0 0.0 0.0 0.0 0.0 0.0 0.0 0.0 0.0 0.0 0.0 0.0 0.0 0.0 0.0 0.0 0.0 0.0 0.0 0.0 0.0 0.0 0.0 0.0 0.0 0.0 0.0 0.0 0.0 0.0 0.0 0.0 0.0 0.0 0.0 0.0 0.0 0.0 0.0 0.0 0.0 0.0 0.0 0.0 0.0 0.0 0.0 0.0 0.0 0.0 0.0 0.0 0.0 0.0 0.0 0.0 0.0 0.0 0.0 0.0 0.0 0.0 0.0 0.0 0.0 0.0 0.0 0.0 0.0 0.0 0.0 0.0 0.0 0.0 0.0 0.0 0.0 0.0 0.0 0.0 0.0 0.0 0.0 0.0 0.0 0.0 0.0 0.0 0.0 0.0 0.0 0.0 0.0 0.0 0.0 0.0
