


--------------------------

Population_Size:25
Population Size:100 Total Generations:100 Mutation SD:5 Survival Rate:5.0% Game Iterations:10

--------------------------

DC_Count: 1529 1210 1151 1094 1012 1007 495 557 937 921 881 462 500 446 325 314 225 237 144 257 183 264 207 269 232 524 593 236 344 376 429 360 392 530 325 378 278 403 427 368 453 443 478 660 463 473 422 445 464 395 365 455 569 707 739 524 350 374 348 344 324 366 277 370 411 283 252 313 437 410 357 235 374 347 330 325 402 618 423 466 501 492 472 523 617 719 746 549 528 635 901 917 1077 1156 1024 921 698 348 279 307
CC_Count: 647 299 273 172 122 101 46 54 129 85 87 84 54 29 24 19 2 6 4 6 13 25 17 38 32 42 38 14 14 9 7 19 36 69 32 19 16 15 57 41 54 41 43 42 24 28 67 40 40 35 16 42 108 44 44 34 31 24 17 39 16 33 11 55 70 17 5 28 78 47 38 37 56 52 106 50 105 169 161 24 112 68 253 249 682 837 839 1109 1657 1500 820 685 719 319 258 205 149 34 12 40
DD_Count: 824 1491 1576 1734 1866 1892 2459 2389 1934 1994 2032 2454 2446 2525 2651 2667 2773 2757 2852 2737 2804 2711 2776 2693 2736 2434 2369 2750 2642 2615 2564 2621 2572 2401 2643 2603 2706 2582 2516 2591 2493 2516 2479 2298 2513 2499 2511 2515 2496 2570 2619 2503 2323 2249 2217 2442 2619 2602 2635 2617 2660 2601 2712 2575 2519 2700 2743 2659 2485 2543 2605 2728 2570 2601 2564 2625 2493 2213 2416 2510 2387 2440 2275 2228 1701 1444 1415 1342 815 865 1279 1398 1204 1525 1718 1874 2153 2618 2709 2653
Number_of_Cooperators: 0 0 0 0 0 0 0 0 0 0 0 0 0 0 0 0 0 0 0 0 0 0 0 0 0 0 0 0 0 0 0 0 0 0 0 0 0 0 0 0 0 0 0 0 0 0 0 0 0 0 0 0 0 0 0 0 0 0 0 0 0 0 0 0 0 0 0 0 0 0 0 0 0 0 0 0 0 0 0 0 0 0 0 0 0 0 0 0 0 0 0 0 0 0 0 0 0 0 0 0
Number_of_Defectors: 1 9 9 0 1 7 13 6 2 4 18 14 20 23 22 25 25 25 25 25 25 25 25 25 25 25 25 25 24 25 25 24 18 16 20 21 21 23 14 15 16 15 16 20 14 17 8 10 8 5 5 10 6 13 18 11 11 9 20 19 24 18 22 11 8 2 13 4 0 1 2 0 4 2 2 1 2 2 5 8 1 3 2 0 0 0 0 0 0 0 0 0 0 0 3 1 0 1 3 11
Number_of_Tit4Tat_Players: 2 0 0 0 0 0 0 0 0 0 0 0 0 0 0 0 0 0 0 0 0 0 0 0 0 0 0 0 0 0 0 0 0 0 0 0 0 0 0 0 0 0 0 0 0 0 0 0 0 0 0 0 0 0 0 0 0 0 0 0 0 0 0 0 0 0 0 0 0 0 0 0 0 0 0 0 0 0 0 0 0 0 0 0 0 0 0 0 0 0 0 0 0 0 0 0 0 0 0 0
Other_Strategies: 22 16 16 25 24 18 12 19 23 21 7 11 5 2 3 0 0 0 0 0 0 0 0 0 0 0 0 0 1 0 0 1 7 9 5 4 4 2 11 10 9 10 9 5 11 8 17 15 17 20 20 15 19 12 7 14 14 16 5 6 1 7 3 14 17 23 12 21 25 24 23 25 21 23 23 24 23 23 20 17 24 22 23 25 25 25 25 25 25 25 25 25 25 25 22 24 25 24 22 14
Agent_Reward_Means: 
52.7 43.3 42.2 39.9 38.1 37.7 30.7 31.5 37.3 36.4 36.0 30.9 30.9 29.8 28.3 28.1 26.7 26.9 25.8 27.2 26.4 27.6 26.8 27.8 27.3 31.0 31.7 27.1 28.4 28.7 29.3 28.6 29.3 31.5 28.4 28.8 27.6 29.1 30.0 29.1 30.3 30.0 30.4 32.6 29.9 30.1 30.1 30.0 30.2 29.3 28.6 30.1 32.6 33.2 33.6 30.8 28.7 28.9 28.4 28.8 28.1 28.9 27.5 29.3 30.1 27.7 27.1 28.2 30.5 29.7 28.9 27.4 29.4 29.0 29.7 28.7 30.5 34.1 31.7 30.0 31.8 31.0 33.7 34.3 42.3 46.0 46.4 48.3 56.8 55.6 47.9 46.0 48.4 43.0 40.4 38.3 34.8 28.7 27.5 28.3
Agent_Reward_SDs: 
5.2 3.6 4.0 4.1 4.6 3.5 1.9 3.0 4.1 3.2 3.5 2.3 3.5 3.1 2.2 2.2 1.6 1.8 1.5 1.7 1.3 1.8 1.6 1.7 1.7 2.4 3.4 1.8 2.7 2.7 2.8 2.3 2.8 3.3 2.1 2.7 2.1 2.9 2.2 2.8 3.1 1.9 2.7 3.0 2.4 3.1 2.3 2.8 2.8 2.8 2.5 2.9 3.0 4.1 3.6 3.5 2.1 2.3 3.1 2.0 2.0 2.2 2.2 2.2 2.2 1.4 1.7 1.6 2.6 2.6 2.4 1.7 3.3 2.3 2.5 3.1 2.2 3.9 2.0 2.3 3.4 3.2 4.4 3.5 4.3 4.5 3.7 4.3 3.8 3.7 2.9 5.0 3.0 3.5 3.5 4.1 3.3 2.5 2.0 2.2


--------------------------

Population_Size:50
Population Size:100 Total Generations:100 Mutation SD:5 Survival Rate:5.0% Game Iterations:10

--------------------------

DC_Count: 6005 3325 2066 1088 1115 1139 855 907 596 675 1543 762 852 1075 1059 842 494 628 576 1820 847 988 862 666 802 819 1098 902 544 477 577 773 881 784 728 927 672 860 675 785 1257 424 730 592 344 714 552 568 699 830 391 604 559 699 706 515 763 704 663 848 977 859 657 852 716 705 848 883 634 748 579 690 1087 879 874 1320 1263 1385 2025 3453 3319 3976 2343 3725 3110 3468 3140 2889 3741 2931 3813 4084 4479 4493 5414 5722 5495 5064 5280 5903
CC_Count: 3115 389 127 71 66 37 18 46 22 29 64 27 26 47 39 18 11 23 23 109 29 33 35 25 19 38 34 26 8 18 43 59 59 69 32 51 15 17 17 20 34 11 8 12 9 28 3 10 11 16 1 28 17 21 13 17 12 12 17 16 54 38 18 22 48 22 24 20 12 26 21 47 130 214 309 374 441 786 1121 2339 2028 2420 1355 2059 1040 1036 1210 1429 1974 2020 1771 3267 3174 3618 2512 2126 1301 801 775 1287
DD_Count: 3130 8536 10057 11091 11069 11074 11377 11297 11632 11546 10643 11461 11372 11128 11152 11390 11745 11599 11651 10321 11374 11229 11353 11559 11429 11393 11118 11322 11698 11755 11630 11418 11310 11397 11490 11272 11563 11373 11558 11445 10959 11815 11512 11646 11897 11508 11695 11672 11540 11404 11858 11618 11674 11530 11531 11718 11475 11534 11570 11386 11219 11353 11575 11376 11486 11523 11378 11347 11604 11476 11650 11513 11033 11157 11067 10556 10546 10079 9104 6458 6903 5854 8552 6466 8100 7746 7900 7932 6535 7299 6666 4899 4597 4139 4324 4402 5454 6385 6195 5060
Number_of_Cooperators: 2 0 0 0 0 0 0 0 0 0 0 0 0 0 0 0 0 0 0 0 0 0 0 0 0 0 0 0 0 0 0 0 0 0 0 0 0 0 0 0 0 0 0 0 0 0 0 0 0 0 0 0 0 0 0 0 0 0 0 0 0 0 0 0 0 0 0 0 0 0 0 0 0 0 0 0 0 0 0 0 0 0 0 0 0 0 0 0 0 0 0 0 0 0 0 0 0 0 0 0
Number_of_Defectors: 2 28 37 47 50 50 50 50 47 49 44 42 30 33 50 50 50 50 50 50 50 50 50 50 50 50 50 50 50 50 50 50 44 41 50 50 50 50 50 50 50 50 50 50 50 48 49 49 41 35 25 1 0 0 0 0 0 0 0 0 0 2 0 0 0 0 0 0 0 0 0 0 0 0 0 0 0 0 0 0 0 0 0 0 0 1 0 0 0 0 0 0 0 0 0 0 0 0 0 0
Number_of_Tit4Tat_Players: 1 0 0 0 0 0 0 0 0 0 0 0 0 0 0 0 0 0 0 0 0 0 0 0 0 0 0 0 0 0 0 0 0 0 0 0 0 0 0 0 0 0 0 0 0 0 0 0 0 0 0 0 0 0 0 0 0 0 0 0 0 0 0 0 0 0 0 0 0 0 0 0 0 0 0 0 0 0 0 0 0 0 0 0 0 0 0 0 0 0 0 0 0 0 0 0 0 0 0 0
Other_Strategies: 45 22 13 3 0 0 0 0 3 1 6 8 20 17 0 0 0 0 0 0 0 0 0 0 0 0 0 0 0 0 0 0 6 9 0 0 0 0 0 0 0 0 0 0 0 2 1 1 9 15 25 49 50 50 50 50 50 50 50 50 50 48 50 50 50 50 50 50 50 50 50 50 50 50 50 50 50 50 50 50 50 50 50 50 50 49 50 50 50 50 50 50 50 50 50 50 50 50 50 50
Agent_Reward_Means: 
109.9 72.1 62.4 56.1 56.2 56.1 54.3 54.8 52.8 53.3 58.8 53.8 54.3 55.8 55.7 54.2 52.1 53.0 52.6 60.8 54.3 55.2 54.5 53.2 54.0 54.2 55.9 54.6 52.3 52.0 52.8 54.1 54.8 54.3 53.6 55.0 53.2 54.3 53.2 53.9 56.8 51.6 53.4 52.6 51.1 53.5 52.3 52.5 53.3 54.1 51.4 52.8 52.5 53.4 53.3 52.2 53.7 53.3 53.1 54.2 55.3 54.5 53.1 54.3 53.7 53.4 54.3 54.5 52.9 53.7 52.6 53.5 56.6 56.0 56.7 59.9 60.1 63.6 70.1 88.4 85.1 92.2 73.9 87.8 76.0 78.1 77.5 77.8 87.2 82.7 86.0 99.6 101.3 104.9 101.6 100.3 92.4 85.8 86.9 94.7
Agent_Reward_SDs: 
11.1 5.2 3.9 2.6 2.2 2.2 2.5 1.7 1.7 1.8 3.0 2.2 2.6 2.9 3.1 2.6 1.8 1.6 1.5 3.1 2.0 2.7 2.8 2.6 2.2 2.8 2.5 2.8 1.7 1.1 1.6 2.0 2.1 1.5 2.2 2.4 2.3 2.8 2.0 1.9 3.2 1.7 2.5 2.1 1.2 2.3 2.5 2.5 2.8 2.7 1.9 1.9 2.1 2.2 2.1 2.0 2.8 2.5 2.8 3.1 2.6 1.9 1.8 2.3 1.8 2.2 2.1 2.4 1.5 2.1 1.8 2.1 2.4 2.2 2.5 2.9 3.2 3.9 3.8 4.1 4.5 5.6 4.2 4.8 4.3 4.1 4.2 4.0 4.2 4.3 4.1 4.3 3.3 3.8 4.1 3.6 3.2 3.1 2.5 3.6


--------------------------

Population_Size:75
Population Size:100 Total Generations:100 Mutation SD:5 Survival Rate:5.0% Game Iterations:10

--------------------------

DC_Count: 13680 12455 11419 8992 5547 2697 2070 1600 1571 2165 2047 1911 1767 1273 1571 1095 1656 1572 1944 2007 1114 2188 2595 2990 2536 2452 2837 1983 2747 2483 2780 3723 3413 2532 3143 3190 2743 3159 3366 2882 4084 3301 3968 4057 3345 3673 4367 5429 6696 4241 4846 5749 7467 6578 6806 8509 8206 5279 6813 6163 8632 9381 9439 4776 5981 3080 2866 3189 2894 2269 2402 4061 2419 2986 2975 2661 4145 3710 3930 3927 3197 4915 3804 5197 4706 5323 4297 3393 3794 3565 2308 2631 2487 2844 2619 3099 2381 2183 1990 2578
CC_Count: 7545 4693 2864 1525 488 233 154 116 90 79 42 45 46 19 42 13 27 27 52 52 20 68 116 122 109 96 112 64 110 102 110 217 148 118 164 170 128 154 187 126 321 217 267 326 233 315 481 696 1441 344 525 675 1608 972 935 1498 1524 446 622 481 1444 1527 1980 253 566 148 184 184 122 78 89 243 106 114 136 109 268 269 309 219 172 422 160 320 304 411 267 154 235 171 73 77 93 71 101 125 85 74 56 131
DD_Count: 6525 10602 13467 17233 21715 24820 25526 26034 26089 25506 25661 25794 25937 26458 26137 26642 26067 26151 25754 25691 26616 25494 25039 24638 25105 25202 24801 25703 24893 25165 24860 23810 24189 25100 24443 24390 24879 24437 24197 24742 23345 24232 23515 23367 24172 23762 22902 21625 19613 23165 22379 21326 18675 20200 20009 17743 18020 22025 20315 21106 17674 16842 16331 22721 21203 24522 24700 24377 24734 25403 25259 23446 25225 24650 24639 24980 23337 23771 23511 23604 24381 22413 23786 22233 22740 22016 23186 24203 23721 24014 25369 25042 25170 24835 25030 24526 25284 25493 25704 25041
Number_of_Cooperators: 3 0 0 0 0 0 0 0 0 0 0 0 0 0 0 0 0 0 0 0 0 0 0 0 0 0 0 0 0 0 0 0 0 0 0 0 0 0 0 0 0 0 0 0 0 0 0 0 0 0 0 0 0 0 0 0 0 0 0 0 0 0 0 0 0 0 0 0 0 0 0 0 0 0 0 0 0 0 0 0 0 0 0 0 0 0 0 0 0 0 0 0 0 0 0 0 0 0 0 0
Number_of_Defectors: 0 4 24 40 38 44 49 49 32 58 44 40 60 55 59 59 67 65 42 51 39 27 31 14 8 9 14 13 15 12 8 14 31 22 28 14 0 0 0 0 0 0 2 0 0 0 0 0 0 0 0 0 0 0 0 0 0 0 0 0 0 0 0 0 0 0 0 2 0 0 0 1 1 11 14 25 1 6 3 13 8 4 5 4 1 5 26 6 0 0 0 0 0 0 0 0 0 0 0 0
Number_of_Tit4Tat_Players: 5 0 0 0 0 0 0 0 0 0 0 0 0 0 0 0 0 0 0 0 0 0 0 0 0 0 0 0 0 0 0 0 0 0 0 0 0 0 0 0 0 0 0 0 0 0 0 0 0 0 0 0 0 0 0 0 0 0 0 0 0 0 0 0 0 0 0 0 0 0 0 0 0 0 0 0 0 0 0 0 0 0 0 0 0 0 0 0 0 0 0 0 0 0 0 0 0 0 0 0
Other_Strategies: 67 71 51 35 37 31 26 26 43 17 31 35 15 20 16 16 8 10 33 24 36 48 44 61 67 66 61 62 60 63 67 61 44 53 47 61 75 75 75 75 75 75 73 75 75 75 75 75 75 75 75 75 75 75 75 75 75 75 75 75 75 75 75 75 75 75 75 73 75 75 75 74 74 64 61 50 74 69 72 62 67 71 70 71 74 70 49 69 75 75 75 75 75 75 75 75 75 75 75 75
Agent_Reward_Means: 
169.0 148.8 135.0 118.1 98.8 86.0 83.1 81.0 80.8 83.1 82.4 81.9 81.3 79.2 80.5 78.4 80.8 80.4 82.1 82.3 78.6 83.1 85.0 86.6 84.7 84.3 85.9 82.3 85.6 84.5 85.7 90.0 88.4 84.8 87.4 87.7 85.7 87.5 88.5 86.2 92.0 88.4 91.3 92.0 88.6 90.4 94.0 99.4 108.5 92.8 96.2 100.6 112.4 105.5 106.2 116.0 115.0 97.5 104.6 101.2 116.2 119.7 122.3 94.5 100.9 87.1 86.4 87.7 86.2 83.5 84.1 91.5 84.2 86.6 86.6 85.2 92.0 90.3 91.4 90.9 87.7 95.9 90.1 96.5 94.4 97.5 92.6 88.4 90.4 89.2 83.6 84.9 84.4 85.8 85.0 87.1 84.0 83.1 82.3 85.0
Agent_Reward_SDs: 
12.0 14.4 10.3 8.9 4.9 2.9 2.4 2.6 2.6 3.4 3.5 3.1 3.6 2.8 3.2 3.0 3.6 3.0 4.0 4.2 2.6 3.5 3.6 4.3 4.0 4.0 4.3 3.6 4.0 3.3 3.0 3.8 4.0 2.7 4.0 5.6 4.0 4.8 5.9 5.8 7.3 5.6 7.5 7.7 7.1 8.5 9.5 11.8 12.0 9.8 10.4 9.3 14.8 14.1 16.2 19.4 18.9 13.2 16.0 15.7 20.1 23.7 24.0 12.7 13.2 5.9 5.0 5.4 5.5 4.4 4.4 8.1 5.3 7.5 6.2 4.9 5.9 5.7 5.5 7.0 6.1 10.2 10.8 13.3 10.2 10.6 10.9 8.0 7.3 7.9 5.4 5.8 6.0 6.6 5.7 6.1 5.9 5.1 4.8 4.8


--------------------------

Population_Size:100
Population Size:100 Total Generations:100 Mutation SD:5 Survival Rate:5.0% Game Iterations:10

--------------------------

DC_Count: 24629 22377 12854 7051 7220 5729 6056 6623 6846 6107 6398 6582 5288 5060 4455 5428 4370 4338 3739 3356 2930 3161 2418 3599 2836 3615 3871 2717 3884 3304 3160 2489 2785 3438 2122 2956 3117 2722 2569 2864 3636 3491 2751 4313 4458 4469 4065 4374 4174 4305 5085 5982 5134 5885 7359 3991 5936 6517 7795 9525 8558 7831 9306 8628 7925 10439 10467 8933 4753 6205 6699 6841 5087 6990 5444 6898 7569 3535 4091 3758 5203 5018 3788 6177 5444 4740 3924 3934 3419 3114 5593 4018 4841 4644 5103 4256 3734 4157 3378 3325
CC_Count: 12158 6267 1706 673 740 566 539 760 900 615 662 429 539 404 338 437 221 236 146 110 93 86 72 163 74 139 191 89 146 104 63 54 59 80 29 74 70 59 58 67 75 73 48 152 145 149 156 202 179 218 244 241 213 267 462 147 257 247 519 683 441 391 617 466 506 653 773 527 181 296 320 310 164 279 326 434 496 133 157 125 214 251 186 389 242 141 151 133 112 120 298 112 156 154 178 167 112 129 130 106
DD_Count: 12713 20856 34940 41776 41540 43205 42905 42117 41754 42778 42440 42489 43673 44036 44707 43635 44909 44926 45615 46034 46477 46253 47010 45738 46590 45746 45438 46694 45470 46092 46277 46957 46656 45982 47349 46470 46313 46719 46873 46569 45789 45936 46701 45035 44897 44882 45279 44924 45147 44977 44171 43277 44153 43348 41679 45362 43307 42736 41186 39292 40501 41278 39577 40406 41069 38408 38260 40040 44566 42999 42481 42349 44249 42231 43730 42168 41435 45832 45252 45617 44083 44231 45526 42934 43814 44619 45425 45433 45969 46266 43609 45370 44503 44702 44219 45077 45654 45214 45992 46069
Number_of_Cooperators: 5 0 0 0 0 0 0 0 0 0 0 0 0 0 0 0 0 0 0 0 0 0 0 0 0 0 0 0 0 0 0 0 0 0 0 0 0 0 0 0 0 0 0 0 0 0 0 0 0 0 0 0 0 0 0 0 0 0 0 0 0 0 0 0 0 0 0 0 0 0 0 0 0 0 0 0 0 0 0 0 0 0 0 0 0 0 0 0 0 0 0 0 0 0 0 0 0 0 0 0
Number_of_Defectors: 0 18 30 10 23 30 25 29 56 38 20 39 15 40 29 19 28 17 3 1 1 8 11 14 2 10 6 20 21 7 4 14 33 65 52 68 43 18 5 0 4 5 0 0 0 0 0 0 0 0 0 0 0 0 0 0 0 0 0 0 0 0 0 0 0 0 0 0 0 0 0 0 0 0 0 0 0 0 0 0 0 0 0 0 0 0 0 0 0 0 0 0 0 0 0 0 0 0 0 0
Number_of_Tit4Tat_Players: 2 2 0 0 0 0 0 0 0 0 0 0 0 0 0 0 0 0 0 0 0 0 0 0 0 0 0 0 0 0 0 0 0 0 0 0 0 0 0 0 0 0 0 0 0 0 0 0 0 0 0 0 0 0 0 0 0 0 0 0 0 0 0 0 0 0 0 0 0 0 0 0 0 0 0 0 0 0 0 0 0 0 0 0 0 0 0 0 0 0 0 0 0 0 0 0 0 0 0 0
Other_Strategies: 93 80 70 90 77 70 75 71 44 62 80 61 85 60 71 81 72 83 97 99 99 92 89 86 98 90 94 80 79 93 96 86 67 35 48 32 57 82 95 100 96 95 100 100 100 100 100 100 100 100 100 100 100 100 100 100 100 100 100 100 100 100 100 100 100 100 100 100 100 100 100 100 100 100 100 100 100 100 100 100 100 100 100 100 100 100 100 100 100 100 100 100 100 100 100 100 100 100 100 100
Agent_Reward_Means: 
221.5 191.2 144.4 122.8 123.6 118.5 119.3 121.9 123.1 119.8 120.8 120.5 117.0 115.8 113.7 117.0 113.0 113.0 110.8 109.5 108.2 108.8 106.5 110.4 107.8 110.4 111.4 107.5 111.2 109.3 108.7 106.7 107.6 109.6 105.5 108.2 108.6 107.4 106.9 107.9 110.2 109.8 107.4 112.5 113.0 113.0 111.8 112.9 112.2 112.8 115.2 117.9 115.3 117.7 122.9 111.6 117.8 119.5 124.5 130.3 126.4 124.1 129.4 126.7 124.8 132.9 133.5 127.9 114.0 118.8 120.4 120.8 114.9 121.1 116.6 121.4 123.7 110.1 111.9 110.8 115.5 115.1 111.1 119.1 116.3 113.8 111.4 111.3 109.7 108.8 117.0 111.5 114.1 113.5 115.0 112.4 110.6 112.0 109.7 109.4
Agent_Reward_SDs: 
16.9 12.1 7.2 4.8 6.1 3.6 3.6 3.6 4.4 4.6 4.2 5.5 4.2 4.7 4.6 5.2 4.7 4.6 4.1 3.9 3.3 2.5 2.8 3.7 3.3 4.1 3.6 3.4 4.0 4.3 5.0 3.2 3.4 4.9 3.1 3.9 4.0 3.4 2.9 3.6 4.4 4.8 4.1 5.8 6.7 5.8 6.1 6.6 6.1 6.0 7.9 8.8 8.3 8.5 9.6 7.4 8.8 9.4 11.9 15.6 13.7 13.7 17.2 16.1 14.8 18.7 17.6 16.0 8.5 10.6 10.5 10.1 8.0 11.4 9.3 10.8 10.5 4.7 5.2 5.0 7.1 5.8 4.3 7.2 6.9 7.4 5.1 5.5 5.4 4.1 7.1 6.8 7.0 6.3 6.8 6.3 6.0 5.7 4.8 4.8
